p cnf 549 5263
127 0
145 0
153 0
216 0
228 0
235 0
243 0
257 0
264 0
317 0
325 0
333 0
351 0
372 0
415 0
423 0
434 0
459 0
462 0
478 0
486 0
513 0
526 0
531 0
549 0
552 0
568 0
584 0
595 0
614 0
627 0
632 0
648 0
659 0
666 0
675 0
683 0
712 0
728 0
736 0
747 0
763 0
816 0
824 0
843 0
851 0
862 0
915 0
923 0
934 0
942 0
956 0
115 125 135 145 155 0
111 116 121 126 131 136 141 146 151 156 0
112 116 122 126 132 136 142 146 152 156 0
112 117 122 127 132 137 142 147 152 157 0
113 116 123 126 133 136 143 146 153 156 0
113 117 123 127 133 137 143 147 153 157 0
113 118 123 128 133 138 143 148 153 158 0
114 116 124 126 134 136 144 146 154 156 0
114 117 124 127 134 137 144 147 154 157 0
114 118 124 128 134 138 144 148 154 158 0
114 119 124 129 134 139 144 149 154 159 0
214 224 234 244 254 264 0
215 225 235 245 255 265 0
216 226 236 246 256 266 0
111 117 121 127 131 137 141 147 151 157 161 167 0
112 117 122 127 132 137 142 147 152 157 162 167 0
112 118 122 128 132 138 142 148 152 158 162 168 0
113 117 123 127 133 137 143 147 153 157 163 167 0
113 118 123 128 133 138 143 148 153 158 163 168 0
113 119 123 129 133 139 143 149 153 159 163 169 0
313 323 333 343 353 363 373 0
314 324 334 344 354 364 374 0
315 325 335 345 355 365 375 0
316 326 336 346 356 366 376 0
317 327 337 347 357 367 377 0
111 118 121 128 131 138 141 148 151 158 161 168 171 178 0
112 118 122 128 132 138 142 148 152 158 162 168 172 178 0
112 119 122 129 132 139 142 149 152 159 162 169 172 179 0
412 422 432 442 452 462 472 482 0
413 423 433 443 453 463 473 483 0
414 424 434 444 454 464 474 484 0
415 425 435 445 455 465 475 485 0
416 426 436 446 456 466 476 486 0
417 427 437 447 457 467 477 487 0
418 428 438 448 458 468 478 488 0
111 119 121 129 131 139 141 149 151 159 161 169 171 179 181 189 0
511 521 531 541 551 561 571 581 591 0
512 522 532 542 552 562 572 582 592 0
513 523 533 543 553 563 573 583 593 0
514 524 534 544 554 564 574 584 594 0
515 525 535 545 555 565 575 585 595 0
516 526 536 546 556 566 576 586 596 0
517 527 537 547 557 567 577 587 597 0
518 528 538 548 558 568 578 588 598 0
519 529 539 549 559 569 579 589 599 0
612 622 632 642 652 662 672 682 0
613 623 633 643 653 663 673 683 0
614 624 634 644 654 664 674 684 0
615 625 635 645 655 665 675 685 0
616 626 636 646 656 666 676 686 0
617 627 637 647 657 667 677 687 0
618 628 638 648 658 668 678 688 0
111 119 121 129 131 139 141 149 151 159 161 169 171 179 181 189 0
713 723 733 743 753 763 773 0
714 724 734 744 754 764 774 0
715 725 735 745 755 765 775 0
716 726 736 746 756 766 776 0
717 727 737 747 757 767 777 0
111 118 121 128 131 138 141 148 151 158 161 168 171 178 0
112 118 122 128 132 138 142 148 152 158 162 168 172 178 0
112 119 122 129 132 139 142 149 152 159 162 169 172 179 0
814 824 834 844 854 864 0
815 825 835 845 855 865 0
816 826 836 846 856 866 0
111 117 121 127 131 137 141 147 151 157 161 167 0
112 117 122 127 132 137 142 147 152 157 162 167 0
112 118 122 128 132 138 142 148 152 158 162 168 0
113 117 123 127 133 137 143 147 153 157 163 167 0
113 118 123 128 133 138 143 148 153 158 163 168 0
113 119 123 129 133 139 143 149 153 159 163 169 0
915 925 935 945 955 0
111 116 121 126 131 136 141 146 151 156 0
112 116 122 126 132 136 142 146 152 156 0
112 117 122 127 132 137 142 147 152 157 0
113 116 123 126 133 136 143 146 153 156 0
113 117 123 127 133 137 143 147 153 157 0
113 118 123 128 133 138 143 148 153 158 0
114 116 124 126 134 136 144 146 154 156 0
114 117 124 127 134 137 144 147 154 157 0
114 118 124 128 134 138 144 148 154 158 0
114 119 124 129 134 139 144 149 154 159 0
-111 -121 0
-111 -131 0
-111 -141 0
-111 -151 0
-121 -131 0
-121 -141 0
-121 -151 0
-131 -141 0
-131 -151 0
-141 -151 0
-211 -221 0
-211 -231 0
-211 -241 0
-211 -251 0
-211 -261 0
-221 -231 0
-221 -241 0
-221 -251 0
-221 -261 0
-231 -241 0
-231 -251 0
-231 -261 0
-241 -251 0
-241 -261 0
-251 -261 0
-311 -321 0
-311 -331 0
-311 -341 0
-311 -351 0
-311 -361 0
-311 -371 0
-321 -331 0
-321 -341 0
-321 -351 0
-321 -361 0
-321 -371 0
-331 -341 0
-331 -351 0
-331 -361 0
-331 -371 0
-341 -351 0
-341 -361 0
-341 -371 0
-351 -361 0
-351 -371 0
-361 -371 0
-411 -421 0
-411 -431 0
-411 -441 0
-411 -451 0
-411 -461 0
-411 -471 0
-411 -481 0
-421 -431 0
-421 -441 0
-421 -451 0
-421 -461 0
-421 -471 0
-421 -481 0
-431 -441 0
-431 -451 0
-431 -461 0
-431 -471 0
-431 -481 0
-441 -451 0
-441 -461 0
-441 -471 0
-441 -481 0
-451 -461 0
-451 -471 0
-451 -481 0
-461 -471 0
-461 -481 0
-471 -481 0
-511 -521 0
-511 -531 0
-511 -541 0
-511 -551 0
-511 -561 0
-511 -571 0
-511 -581 0
-511 -591 0
-521 -531 0
-521 -541 0
-521 -551 0
-521 -561 0
-521 -571 0
-521 -581 0
-521 -591 0
-531 -541 0
-531 -551 0
-531 -561 0
-531 -571 0
-531 -581 0
-531 -591 0
-541 -551 0
-541 -561 0
-541 -571 0
-541 -581 0
-541 -591 0
-551 -561 0
-551 -571 0
-551 -581 0
-551 -591 0
-561 -571 0
-561 -581 0
-561 -591 0
-571 -581 0
-571 -591 0
-581 -591 0
-611 -621 0
-611 -631 0
-611 -641 0
-611 -651 0
-611 -661 0
-611 -671 0
-611 -681 0
-621 -631 0
-621 -641 0
-621 -651 0
-621 -661 0
-621 -671 0
-621 -681 0
-631 -641 0
-631 -651 0
-631 -661 0
-631 -671 0
-631 -681 0
-641 -651 0
-641 -661 0
-641 -671 0
-641 -681 0
-651 -661 0
-651 -671 0
-651 -681 0
-661 -671 0
-661 -681 0
-671 -681 0
-711 -721 0
-711 -731 0
-711 -741 0
-711 -751 0
-711 -761 0
-711 -771 0
-721 -731 0
-721 -741 0
-721 -751 0
-721 -761 0
-721 -771 0
-731 -741 0
-731 -751 0
-731 -761 0
-731 -771 0
-741 -751 0
-741 -761 0
-741 -771 0
-751 -761 0
-751 -771 0
-761 -771 0
-811 -821 0
-811 -831 0
-811 -841 0
-811 -851 0
-811 -861 0
-821 -831 0
-821 -841 0
-821 -851 0
-821 -861 0
-831 -841 0
-831 -851 0
-831 -861 0
-841 -851 0
-841 -861 0
-851 -861 0
-911 -921 0
-911 -931 0
-911 -941 0
-911 -951 0
-921 -931 0
-921 -941 0
-921 -951 0
-931 -941 0
-931 -951 0
-941 -951 0
-112 -122 0
-112 -132 0
-112 -142 0
-112 -152 0
-122 -132 0
-122 -142 0
-122 -152 0
-132 -142 0
-132 -152 0
-142 -152 0
-212 -222 0
-212 -232 0
-212 -242 0
-212 -252 0
-212 -262 0
-222 -232 0
-222 -242 0
-222 -252 0
-222 -262 0
-232 -242 0
-232 -252 0
-232 -262 0
-242 -252 0
-242 -262 0
-252 -262 0
-312 -322 0
-312 -332 0
-312 -342 0
-312 -352 0
-312 -362 0
-312 -372 0
-322 -332 0
-322 -342 0
-322 -352 0
-322 -362 0
-322 -372 0
-332 -342 0
-332 -352 0
-332 -362 0
-332 -372 0
-342 -352 0
-342 -362 0
-342 -372 0
-352 -362 0
-352 -372 0
-362 -372 0
-412 -422 0
-412 -432 0
-412 -442 0
-412 -452 0
-412 -462 0
-412 -472 0
-412 -482 0
-422 -432 0
-422 -442 0
-422 -452 0
-422 -462 0
-422 -472 0
-422 -482 0
-432 -442 0
-432 -452 0
-432 -462 0
-432 -472 0
-432 -482 0
-442 -452 0
-442 -462 0
-442 -472 0
-442 -482 0
-452 -462 0
-452 -472 0
-452 -482 0
-462 -472 0
-462 -482 0
-472 -482 0
-512 -522 0
-512 -532 0
-512 -542 0
-512 -552 0
-512 -562 0
-512 -572 0
-512 -582 0
-512 -592 0
-522 -532 0
-522 -542 0
-522 -552 0
-522 -562 0
-522 -572 0
-522 -582 0
-522 -592 0
-532 -542 0
-532 -552 0
-532 -562 0
-532 -572 0
-532 -582 0
-532 -592 0
-542 -552 0
-542 -562 0
-542 -572 0
-542 -582 0
-542 -592 0
-552 -562 0
-552 -572 0
-552 -582 0
-552 -592 0
-562 -572 0
-562 -582 0
-562 -592 0
-572 -582 0
-572 -592 0
-582 -592 0
-612 -622 0
-612 -632 0
-612 -642 0
-612 -652 0
-612 -662 0
-612 -672 0
-612 -682 0
-622 -632 0
-622 -642 0
-622 -652 0
-622 -662 0
-622 -672 0
-622 -682 0
-632 -642 0
-632 -652 0
-632 -662 0
-632 -672 0
-632 -682 0
-642 -652 0
-642 -662 0
-642 -672 0
-642 -682 0
-652 -662 0
-652 -672 0
-652 -682 0
-662 -672 0
-662 -682 0
-672 -682 0
-712 -722 0
-712 -732 0
-712 -742 0
-712 -752 0
-712 -762 0
-712 -772 0
-722 -732 0
-722 -742 0
-722 -752 0
-722 -762 0
-722 -772 0
-732 -742 0
-732 -752 0
-732 -762 0
-732 -772 0
-742 -752 0
-742 -762 0
-742 -772 0
-752 -762 0
-752 -772 0
-762 -772 0
-812 -822 0
-812 -832 0
-812 -842 0
-812 -852 0
-812 -862 0
-822 -832 0
-822 -842 0
-822 -852 0
-822 -862 0
-832 -842 0
-832 -852 0
-832 -862 0
-842 -852 0
-842 -862 0
-852 -862 0
-912 -922 0
-912 -932 0
-912 -942 0
-912 -952 0
-922 -932 0
-922 -942 0
-922 -952 0
-932 -942 0
-932 -952 0
-942 -952 0
-113 -123 0
-113 -133 0
-113 -143 0
-113 -153 0
-123 -133 0
-123 -143 0
-123 -153 0
-133 -143 0
-133 -153 0
-143 -153 0
-213 -223 0
-213 -233 0
-213 -243 0
-213 -253 0
-213 -263 0
-223 -233 0
-223 -243 0
-223 -253 0
-223 -263 0
-233 -243 0
-233 -253 0
-233 -263 0
-243 -253 0
-243 -263 0
-253 -263 0
-313 -323 0
-313 -333 0
-313 -343 0
-313 -353 0
-313 -363 0
-313 -373 0
-323 -333 0
-323 -343 0
-323 -353 0
-323 -363 0
-323 -373 0
-333 -343 0
-333 -353 0
-333 -363 0
-333 -373 0
-343 -353 0
-343 -363 0
-343 -373 0
-353 -363 0
-353 -373 0
-363 -373 0
-413 -423 0
-413 -433 0
-413 -443 0
-413 -453 0
-413 -463 0
-413 -473 0
-413 -483 0
-423 -433 0
-423 -443 0
-423 -453 0
-423 -463 0
-423 -473 0
-423 -483 0
-433 -443 0
-433 -453 0
-433 -463 0
-433 -473 0
-433 -483 0
-443 -453 0
-443 -463 0
-443 -473 0
-443 -483 0
-453 -463 0
-453 -473 0
-453 -483 0
-463 -473 0
-463 -483 0
-473 -483 0
-513 -523 0
-513 -533 0
-513 -543 0
-513 -553 0
-513 -563 0
-513 -573 0
-513 -583 0
-513 -593 0
-523 -533 0
-523 -543 0
-523 -553 0
-523 -563 0
-523 -573 0
-523 -583 0
-523 -593 0
-533 -543 0
-533 -553 0
-533 -563 0
-533 -573 0
-533 -583 0
-533 -593 0
-543 -553 0
-543 -563 0
-543 -573 0
-543 -583 0
-543 -593 0
-553 -563 0
-553 -573 0
-553 -583 0
-553 -593 0
-563 -573 0
-563 -583 0
-563 -593 0
-573 -583 0
-573 -593 0
-583 -593 0
-613 -623 0
-613 -633 0
-613 -643 0
-613 -653 0
-613 -663 0
-613 -673 0
-613 -683 0
-623 -633 0
-623 -643 0
-623 -653 0
-623 -663 0
-623 -673 0
-623 -683 0
-633 -643 0
-633 -653 0
-633 -663 0
-633 -673 0
-633 -683 0
-643 -653 0
-643 -663 0
-643 -673 0
-643 -683 0
-653 -663 0
-653 -673 0
-653 -683 0
-663 -673 0
-663 -683 0
-673 -683 0
-713 -723 0
-713 -733 0
-713 -743 0
-713 -753 0
-713 -763 0
-713 -773 0
-723 -733 0
-723 -743 0
-723 -753 0
-723 -763 0
-723 -773 0
-733 -743 0
-733 -753 0
-733 -763 0
-733 -773 0
-743 -753 0
-743 -763 0
-743 -773 0
-753 -763 0
-753 -773 0
-763 -773 0
-813 -823 0
-813 -833 0
-813 -843 0
-813 -853 0
-813 -863 0
-823 -833 0
-823 -843 0
-823 -853 0
-823 -863 0
-833 -843 0
-833 -853 0
-833 -863 0
-843 -853 0
-843 -863 0
-853 -863 0
-913 -923 0
-913 -933 0
-913 -943 0
-913 -953 0
-923 -933 0
-923 -943 0
-923 -953 0
-933 -943 0
-933 -953 0
-943 -953 0
-114 -124 0
-114 -134 0
-114 -144 0
-114 -154 0
-124 -134 0
-124 -144 0
-124 -154 0
-134 -144 0
-134 -154 0
-144 -154 0
-214 -224 0
-214 -234 0
-214 -244 0
-214 -254 0
-214 -264 0
-224 -234 0
-224 -244 0
-224 -254 0
-224 -264 0
-234 -244 0
-234 -254 0
-234 -264 0
-244 -254 0
-244 -264 0
-254 -264 0
-314 -324 0
-314 -334 0
-314 -344 0
-314 -354 0
-314 -364 0
-314 -374 0
-324 -334 0
-324 -344 0
-324 -354 0
-324 -364 0
-324 -374 0
-334 -344 0
-334 -354 0
-334 -364 0
-334 -374 0
-344 -354 0
-344 -364 0
-344 -374 0
-354 -364 0
-354 -374 0
-364 -374 0
-414 -424 0
-414 -434 0
-414 -444 0
-414 -454 0
-414 -464 0
-414 -474 0
-414 -484 0
-424 -434 0
-424 -444 0
-424 -454 0
-424 -464 0
-424 -474 0
-424 -484 0
-434 -444 0
-434 -454 0
-434 -464 0
-434 -474 0
-434 -484 0
-444 -454 0
-444 -464 0
-444 -474 0
-444 -484 0
-454 -464 0
-454 -474 0
-454 -484 0
-464 -474 0
-464 -484 0
-474 -484 0
-514 -524 0
-514 -534 0
-514 -544 0
-514 -554 0
-514 -564 0
-514 -574 0
-514 -584 0
-514 -594 0
-524 -534 0
-524 -544 0
-524 -554 0
-524 -564 0
-524 -574 0
-524 -584 0
-524 -594 0
-534 -544 0
-534 -554 0
-534 -564 0
-534 -574 0
-534 -584 0
-534 -594 0
-544 -554 0
-544 -564 0
-544 -574 0
-544 -584 0
-544 -594 0
-554 -564 0
-554 -574 0
-554 -584 0
-554 -594 0
-564 -574 0
-564 -584 0
-564 -594 0
-574 -584 0
-574 -594 0
-584 -594 0
-614 -624 0
-614 -634 0
-614 -644 0
-614 -654 0
-614 -664 0
-614 -674 0
-614 -684 0
-624 -634 0
-624 -644 0
-624 -654 0
-624 -664 0
-624 -674 0
-624 -684 0
-634 -644 0
-634 -654 0
-634 -664 0
-634 -674 0
-634 -684 0
-644 -654 0
-644 -664 0
-644 -674 0
-644 -684 0
-654 -664 0
-654 -674 0
-654 -684 0
-664 -674 0
-664 -684 0
-674 -684 0
-714 -724 0
-714 -734 0
-714 -744 0
-714 -754 0
-714 -764 0
-714 -774 0
-724 -734 0
-724 -744 0
-724 -754 0
-724 -764 0
-724 -774 0
-734 -744 0
-734 -754 0
-734 -764 0
-734 -774 0
-744 -754 0
-744 -764 0
-744 -774 0
-754 -764 0
-754 -774 0
-764 -774 0
-814 -824 0
-814 -834 0
-814 -844 0
-814 -854 0
-814 -864 0
-824 -834 0
-824 -844 0
-824 -854 0
-824 -864 0
-834 -844 0
-834 -854 0
-834 -864 0
-844 -854 0
-844 -864 0
-854 -864 0
-914 -924 0
-914 -934 0
-914 -944 0
-914 -954 0
-924 -934 0
-924 -944 0
-924 -954 0
-934 -944 0
-934 -954 0
-944 -954 0
-115 -125 0
-115 -135 0
-115 -145 0
-115 -155 0
-125 -135 0
-125 -145 0
-125 -155 0
-135 -145 0
-135 -155 0
-145 -155 0
-215 -225 0
-215 -235 0
-215 -245 0
-215 -255 0
-215 -265 0
-225 -235 0
-225 -245 0
-225 -255 0
-225 -265 0
-235 -245 0
-235 -255 0
-235 -265 0
-245 -255 0
-245 -265 0
-255 -265 0
-315 -325 0
-315 -335 0
-315 -345 0
-315 -355 0
-315 -365 0
-315 -375 0
-325 -335 0
-325 -345 0
-325 -355 0
-325 -365 0
-325 -375 0
-335 -345 0
-335 -355 0
-335 -365 0
-335 -375 0
-345 -355 0
-345 -365 0
-345 -375 0
-355 -365 0
-355 -375 0
-365 -375 0
-415 -425 0
-415 -435 0
-415 -445 0
-415 -455 0
-415 -465 0
-415 -475 0
-415 -485 0
-425 -435 0
-425 -445 0
-425 -455 0
-425 -465 0
-425 -475 0
-425 -485 0
-435 -445 0
-435 -455 0
-435 -465 0
-435 -475 0
-435 -485 0
-445 -455 0
-445 -465 0
-445 -475 0
-445 -485 0
-455 -465 0
-455 -475 0
-455 -485 0
-465 -475 0
-465 -485 0
-475 -485 0
-515 -525 0
-515 -535 0
-515 -545 0
-515 -555 0
-515 -565 0
-515 -575 0
-515 -585 0
-515 -595 0
-525 -535 0
-525 -545 0
-525 -555 0
-525 -565 0
-525 -575 0
-525 -585 0
-525 -595 0
-535 -545 0
-535 -555 0
-535 -565 0
-535 -575 0
-535 -585 0
-535 -595 0
-545 -555 0
-545 -565 0
-545 -575 0
-545 -585 0
-545 -595 0
-555 -565 0
-555 -575 0
-555 -585 0
-555 -595 0
-565 -575 0
-565 -585 0
-565 -595 0
-575 -585 0
-575 -595 0
-585 -595 0
-615 -625 0
-615 -635 0
-615 -645 0
-615 -655 0
-615 -665 0
-615 -675 0
-615 -685 0
-625 -635 0
-625 -645 0
-625 -655 0
-625 -665 0
-625 -675 0
-625 -685 0
-635 -645 0
-635 -655 0
-635 -665 0
-635 -675 0
-635 -685 0
-645 -655 0
-645 -665 0
-645 -675 0
-645 -685 0
-655 -665 0
-655 -675 0
-655 -685 0
-665 -675 0
-665 -685 0
-675 -685 0
-715 -725 0
-715 -735 0
-715 -745 0
-715 -755 0
-715 -765 0
-715 -775 0
-725 -735 0
-725 -745 0
-725 -755 0
-725 -765 0
-725 -775 0
-735 -745 0
-735 -755 0
-735 -765 0
-735 -775 0
-745 -755 0
-745 -765 0
-745 -775 0
-755 -765 0
-755 -775 0
-765 -775 0
-815 -825 0
-815 -835 0
-815 -845 0
-815 -855 0
-815 -865 0
-825 -835 0
-825 -845 0
-825 -855 0
-825 -865 0
-835 -845 0
-835 -855 0
-835 -865 0
-845 -855 0
-845 -865 0
-855 -865 0
-915 -925 0
-915 -935 0
-915 -945 0
-915 -955 0
-925 -935 0
-925 -945 0
-925 -955 0
-935 -945 0
-935 -955 0
-945 -955 0
-116 -126 0
-116 -136 0
-116 -146 0
-116 -156 0
-126 -136 0
-126 -146 0
-126 -156 0
-136 -146 0
-136 -156 0
-146 -156 0
-216 -226 0
-216 -236 0
-216 -246 0
-216 -256 0
-216 -266 0
-226 -236 0
-226 -246 0
-226 -256 0
-226 -266 0
-236 -246 0
-236 -256 0
-236 -266 0
-246 -256 0
-246 -266 0
-256 -266 0
-316 -326 0
-316 -336 0
-316 -346 0
-316 -356 0
-316 -366 0
-316 -376 0
-326 -336 0
-326 -346 0
-326 -356 0
-326 -366 0
-326 -376 0
-336 -346 0
-336 -356 0
-336 -366 0
-336 -376 0
-346 -356 0
-346 -366 0
-346 -376 0
-356 -366 0
-356 -376 0
-366 -376 0
-416 -426 0
-416 -436 0
-416 -446 0
-416 -456 0
-416 -466 0
-416 -476 0
-416 -486 0
-426 -436 0
-426 -446 0
-426 -456 0
-426 -466 0
-426 -476 0
-426 -486 0
-436 -446 0
-436 -456 0
-436 -466 0
-436 -476 0
-436 -486 0
-446 -456 0
-446 -466 0
-446 -476 0
-446 -486 0
-456 -466 0
-456 -476 0
-456 -486 0
-466 -476 0
-466 -486 0
-476 -486 0
-516 -526 0
-516 -536 0
-516 -546 0
-516 -556 0
-516 -566 0
-516 -576 0
-516 -586 0
-516 -596 0
-526 -536 0
-526 -546 0
-526 -556 0
-526 -566 0
-526 -576 0
-526 -586 0
-526 -596 0
-536 -546 0
-536 -556 0
-536 -566 0
-536 -576 0
-536 -586 0
-536 -596 0
-546 -556 0
-546 -566 0
-546 -576 0
-546 -586 0
-546 -596 0
-556 -566 0
-556 -576 0
-556 -586 0
-556 -596 0
-566 -576 0
-566 -586 0
-566 -596 0
-576 -586 0
-576 -596 0
-586 -596 0
-616 -626 0
-616 -636 0
-616 -646 0
-616 -656 0
-616 -666 0
-616 -676 0
-616 -686 0
-626 -636 0
-626 -646 0
-626 -656 0
-626 -666 0
-626 -676 0
-626 -686 0
-636 -646 0
-636 -656 0
-636 -666 0
-636 -676 0
-636 -686 0
-646 -656 0
-646 -666 0
-646 -676 0
-646 -686 0
-656 -666 0
-656 -676 0
-656 -686 0
-666 -676 0
-666 -686 0
-676 -686 0
-716 -726 0
-716 -736 0
-716 -746 0
-716 -756 0
-716 -766 0
-716 -776 0
-726 -736 0
-726 -746 0
-726 -756 0
-726 -766 0
-726 -776 0
-736 -746 0
-736 -756 0
-736 -766 0
-736 -776 0
-746 -756 0
-746 -766 0
-746 -776 0
-756 -766 0
-756 -776 0
-766 -776 0
-816 -826 0
-816 -836 0
-816 -846 0
-816 -856 0
-816 -866 0
-826 -836 0
-826 -846 0
-826 -856 0
-826 -866 0
-836 -846 0
-836 -856 0
-836 -866 0
-846 -856 0
-846 -866 0
-856 -866 0
-916 -926 0
-916 -936 0
-916 -946 0
-916 -956 0
-926 -936 0
-926 -946 0
-926 -956 0
-936 -946 0
-936 -956 0
-946 -956 0
-117 -127 0
-117 -137 0
-117 -147 0
-117 -157 0
-127 -137 0
-127 -147 0
-127 -157 0
-137 -147 0
-137 -157 0
-147 -157 0
-217 -227 0
-217 -237 0
-217 -247 0
-217 -257 0
-217 -267 0
-227 -237 0
-227 -247 0
-227 -257 0
-227 -267 0
-237 -247 0
-237 -257 0
-237 -267 0
-247 -257 0
-247 -267 0
-257 -267 0
-317 -327 0
-317 -337 0
-317 -347 0
-317 -357 0
-317 -367 0
-317 -377 0
-327 -337 0
-327 -347 0
-327 -357 0
-327 -367 0
-327 -377 0
-337 -347 0
-337 -357 0
-337 -367 0
-337 -377 0
-347 -357 0
-347 -367 0
-347 -377 0
-357 -367 0
-357 -377 0
-367 -377 0
-417 -427 0
-417 -437 0
-417 -447 0
-417 -457 0
-417 -467 0
-417 -477 0
-417 -487 0
-427 -437 0
-427 -447 0
-427 -457 0
-427 -467 0
-427 -477 0
-427 -487 0
-437 -447 0
-437 -457 0
-437 -467 0
-437 -477 0
-437 -487 0
-447 -457 0
-447 -467 0
-447 -477 0
-447 -487 0
-457 -467 0
-457 -477 0
-457 -487 0
-467 -477 0
-467 -487 0
-477 -487 0
-517 -527 0
-517 -537 0
-517 -547 0
-517 -557 0
-517 -567 0
-517 -577 0
-517 -587 0
-517 -597 0
-527 -537 0
-527 -547 0
-527 -557 0
-527 -567 0
-527 -577 0
-527 -587 0
-527 -597 0
-537 -547 0
-537 -557 0
-537 -567 0
-537 -577 0
-537 -587 0
-537 -597 0
-547 -557 0
-547 -567 0
-547 -577 0
-547 -587 0
-547 -597 0
-557 -567 0
-557 -577 0
-557 -587 0
-557 -597 0
-567 -577 0
-567 -587 0
-567 -597 0
-577 -587 0
-577 -597 0
-587 -597 0
-617 -627 0
-617 -637 0
-617 -647 0
-617 -657 0
-617 -667 0
-617 -677 0
-617 -687 0
-627 -637 0
-627 -647 0
-627 -657 0
-627 -667 0
-627 -677 0
-627 -687 0
-637 -647 0
-637 -657 0
-637 -667 0
-637 -677 0
-637 -687 0
-647 -657 0
-647 -667 0
-647 -677 0
-647 -687 0
-657 -667 0
-657 -677 0
-657 -687 0
-667 -677 0
-667 -687 0
-677 -687 0
-717 -727 0
-717 -737 0
-717 -747 0
-717 -757 0
-717 -767 0
-717 -777 0
-727 -737 0
-727 -747 0
-727 -757 0
-727 -767 0
-727 -777 0
-737 -747 0
-737 -757 0
-737 -767 0
-737 -777 0
-747 -757 0
-747 -767 0
-747 -777 0
-757 -767 0
-757 -777 0
-767 -777 0
-817 -827 0
-817 -837 0
-817 -847 0
-817 -857 0
-817 -867 0
-827 -837 0
-827 -847 0
-827 -857 0
-827 -867 0
-837 -847 0
-837 -857 0
-837 -867 0
-847 -857 0
-847 -867 0
-857 -867 0
-917 -927 0
-917 -937 0
-917 -947 0
-917 -957 0
-927 -937 0
-927 -947 0
-927 -957 0
-937 -947 0
-937 -957 0
-947 -957 0
-118 -128 0
-118 -138 0
-118 -148 0
-118 -158 0
-128 -138 0
-128 -148 0
-128 -158 0
-138 -148 0
-138 -158 0
-148 -158 0
-218 -228 0
-218 -238 0
-218 -248 0
-218 -258 0
-218 -268 0
-228 -238 0
-228 -248 0
-228 -258 0
-228 -268 0
-238 -248 0
-238 -258 0
-238 -268 0
-248 -258 0
-248 -268 0
-258 -268 0
-318 -328 0
-318 -338 0
-318 -348 0
-318 -358 0
-318 -368 0
-318 -378 0
-328 -338 0
-328 -348 0
-328 -358 0
-328 -368 0
-328 -378 0
-338 -348 0
-338 -358 0
-338 -368 0
-338 -378 0
-348 -358 0
-348 -368 0
-348 -378 0
-358 -368 0
-358 -378 0
-368 -378 0
-418 -428 0
-418 -438 0
-418 -448 0
-418 -458 0
-418 -468 0
-418 -478 0
-418 -488 0
-428 -438 0
-428 -448 0
-428 -458 0
-428 -468 0
-428 -478 0
-428 -488 0
-438 -448 0
-438 -458 0
-438 -468 0
-438 -478 0
-438 -488 0
-448 -458 0
-448 -468 0
-448 -478 0
-448 -488 0
-458 -468 0
-458 -478 0
-458 -488 0
-468 -478 0
-468 -488 0
-478 -488 0
-518 -528 0
-518 -538 0
-518 -548 0
-518 -558 0
-518 -568 0
-518 -578 0
-518 -588 0
-518 -598 0
-528 -538 0
-528 -548 0
-528 -558 0
-528 -568 0
-528 -578 0
-528 -588 0
-528 -598 0
-538 -548 0
-538 -558 0
-538 -568 0
-538 -578 0
-538 -588 0
-538 -598 0
-548 -558 0
-548 -568 0
-548 -578 0
-548 -588 0
-548 -598 0
-558 -568 0
-558 -578 0
-558 -588 0
-558 -598 0
-568 -578 0
-568 -588 0
-568 -598 0
-578 -588 0
-578 -598 0
-588 -598 0
-618 -628 0
-618 -638 0
-618 -648 0
-618 -658 0
-618 -668 0
-618 -678 0
-618 -688 0
-628 -638 0
-628 -648 0
-628 -658 0
-628 -668 0
-628 -678 0
-628 -688 0
-638 -648 0
-638 -658 0
-638 -668 0
-638 -678 0
-638 -688 0
-648 -658 0
-648 -668 0
-648 -678 0
-648 -688 0
-658 -668 0
-658 -678 0
-658 -688 0
-668 -678 0
-668 -688 0
-678 -688 0
-718 -728 0
-718 -738 0
-718 -748 0
-718 -758 0
-718 -768 0
-718 -778 0
-728 -738 0
-728 -748 0
-728 -758 0
-728 -768 0
-728 -778 0
-738 -748 0
-738 -758 0
-738 -768 0
-738 -778 0
-748 -758 0
-748 -768 0
-748 -778 0
-758 -768 0
-758 -778 0
-768 -778 0
-818 -828 0
-818 -838 0
-818 -848 0
-818 -858 0
-818 -868 0
-828 -838 0
-828 -848 0
-828 -858 0
-828 -868 0
-838 -848 0
-838 -858 0
-838 -868 0
-848 -858 0
-848 -868 0
-858 -868 0
-918 -928 0
-918 -938 0
-918 -948 0
-918 -958 0
-928 -938 0
-928 -948 0
-928 -958 0
-938 -948 0
-938 -958 0
-948 -958 0
-119 -129 0
-119 -139 0
-119 -149 0
-119 -159 0
-129 -139 0
-129 -149 0
-129 -159 0
-139 -149 0
-139 -159 0
-149 -159 0
-219 -229 0
-219 -239 0
-219 -249 0
-219 -259 0
-219 -269 0
-229 -239 0
-229 -249 0
-229 -259 0
-229 -269 0
-239 -249 0
-239 -259 0
-239 -269 0
-249 -259 0
-249 -269 0
-259 -269 0
-319 -329 0
-319 -339 0
-319 -349 0
-319 -359 0
-319 -369 0
-319 -379 0
-329 -339 0
-329 -349 0
-329 -359 0
-329 -369 0
-329 -379 0
-339 -349 0
-339 -359 0
-339 -369 0
-339 -379 0
-349 -359 0
-349 -369 0
-349 -379 0
-359 -369 0
-359 -379 0
-369 -379 0
-419 -429 0
-419 -439 0
-419 -449 0
-419 -459 0
-419 -469 0
-419 -479 0
-419 -489 0
-429 -439 0
-429 -449 0
-429 -459 0
-429 -469 0
-429 -479 0
-429 -489 0
-439 -449 0
-439 -459 0
-439 -469 0
-439 -479 0
-439 -489 0
-449 -459 0
-449 -469 0
-449 -479 0
-449 -489 0
-459 -469 0
-459 -479 0
-459 -489 0
-469 -479 0
-469 -489 0
-479 -489 0
-519 -529 0
-519 -539 0
-519 -549 0
-519 -559 0
-519 -569 0
-519 -579 0
-519 -589 0
-519 -599 0
-529 -539 0
-529 -549 0
-529 -559 0
-529 -569 0
-529 -579 0
-529 -589 0
-529 -599 0
-539 -549 0
-539 -559 0
-539 -569 0
-539 -579 0
-539 -589 0
-539 -599 0
-549 -559 0
-549 -569 0
-549 -579 0
-549 -589 0
-549 -599 0
-559 -569 0
-559 -579 0
-559 -589 0
-559 -599 0
-569 -579 0
-569 -589 0
-569 -599 0
-579 -589 0
-579 -599 0
-589 -599 0
-619 -629 0
-619 -639 0
-619 -649 0
-619 -659 0
-619 -669 0
-619 -679 0
-619 -689 0
-629 -639 0
-629 -649 0
-629 -659 0
-629 -669 0
-629 -679 0
-629 -689 0
-639 -649 0
-639 -659 0
-639 -669 0
-639 -679 0
-639 -689 0
-649 -659 0
-649 -669 0
-649 -679 0
-649 -689 0
-659 -669 0
-659 -679 0
-659 -689 0
-669 -679 0
-669 -689 0
-679 -689 0
-719 -729 0
-719 -739 0
-719 -749 0
-719 -759 0
-719 -769 0
-719 -779 0
-729 -739 0
-729 -749 0
-729 -759 0
-729 -769 0
-729 -779 0
-739 -749 0
-739 -759 0
-739 -769 0
-739 -779 0
-749 -759 0
-749 -769 0
-749 -779 0
-759 -769 0
-759 -779 0
-769 -779 0
-819 -829 0
-819 -839 0
-819 -849 0
-819 -859 0
-819 -869 0
-829 -839 0
-829 -849 0
-829 -859 0
-829 -869 0
-839 -849 0
-839 -859 0
-839 -869 0
-849 -859 0
-849 -869 0
-859 -869 0
-919 -929 0
-919 -939 0
-919 -949 0
-919 -959 0
-929 -939 0
-929 -949 0
-929 -959 0
-939 -949 0
-939 -959 0
-949 -959 0
155 265 375 485 595 0
111 116 121 126 131 136 141 146 151 156 0
112 116 122 126 132 136 142 146 152 156 0
112 117 122 127 132 137 142 147 152 157 0
113 116 123 126 133 136 143 146 153 156 0
113 117 123 127 133 137 143 147 153 157 0
113 118 123 128 133 138 143 148 153 158 0
114 116 124 126 134 136 144 146 154 156 0
114 117 124 127 134 137 144 147 154 157 0
114 118 124 128 134 138 144 148 154 158 0
114 119 124 129 134 139 144 149 154 159 0
144 254 364 474 584 684 0
145 255 365 475 585 685 0
146 256 366 476 586 686 0
111 117 121 127 131 137 141 147 151 157 161 167 0
112 117 122 127 132 137 142 147 152 157 162 167 0
112 118 122 128 132 138 142 148 152 158 162 168 0
113 117 123 127 133 137 143 147 153 157 163 167 0
113 118 123 128 133 138 143 148 153 158 163 168 0
113 119 123 129 133 139 143 149 153 159 163 169 0
133 243 353 463 573 673 773 0
134 244 354 464 574 674 774 0
135 245 355 465 575 675 775 0
136 246 356 466 576 676 776 0
137 247 357 467 577 677 777 0
111 118 121 128 131 138 141 148 151 158 161 168 171 178 0
112 118 122 128 132 138 142 148 152 158 162 168 172 178 0
112 119 122 129 132 139 142 149 152 159 162 169 172 179 0
122 232 342 452 562 662 762 862 0
123 233 343 453 563 663 763 863 0
124 234 344 454 564 664 764 864 0
125 235 345 455 565 665 765 865 0
126 236 346 456 566 666 766 866 0
127 237 347 457 567 667 767 867 0
128 238 348 458 568 668 768 868 0
111 119 121 129 131 139 141 149 151 159 161 169 171 179 181 189 0
111 221 331 441 551 651 751 851 951 0
112 222 332 442 552 652 752 852 952 0
113 223 333 443 553 653 753 853 953 0
114 224 334 444 554 654 754 854 954 0
115 225 335 445 555 655 755 855 955 0
116 226 336 446 556 656 756 856 956 0
117 227 337 447 557 657 757 857 957 0
118 228 338 448 558 658 758 858 958 0
119 229 339 449 559 659 759 859 959 0
212 322 432 542 642 742 842 942 0
213 323 433 543 643 743 843 943 0
214 324 434 544 644 744 844 944 0
215 325 435 545 645 745 845 945 0
216 326 436 546 646 746 846 946 0
217 327 437 547 647 747 847 947 0
218 328 438 548 648 748 848 948 0
111 119 121 129 131 139 141 149 151 159 161 169 171 179 181 189 0
313 423 533 633 733 833 933 0
314 424 534 634 734 834 934 0
315 425 535 635 735 835 935 0
316 426 536 636 736 836 936 0
317 427 537 637 737 837 937 0
111 118 121 128 131 138 141 148 151 158 161 168 171 178 0
112 118 122 128 132 138 142 148 152 158 162 168 172 178 0
112 119 122 129 132 139 142 149 152 159 162 169 172 179 0
414 524 624 724 824 924 0
415 525 625 725 825 925 0
416 526 626 726 826 926 0
111 117 121 127 131 137 141 147 151 157 161 167 0
112 117 122 127 132 137 142 147 152 157 162 167 0
112 118 122 128 132 138 142 148 152 158 162 168 0
113 117 123 127 133 137 143 147 153 157 163 167 0
113 118 123 128 133 138 143 148 153 158 163 168 0
113 119 123 129 133 139 143 149 153 159 163 169 0
515 615 715 815 915 0
111 116 121 126 131 136 141 146 151 156 0
112 116 122 126 132 136 142 146 152 156 0
112 117 122 127 132 137 142 147 152 157 0
113 116 123 126 133 136 143 146 153 156 0
113 117 123 127 133 137 143 147 153 157 0
113 118 123 128 133 138 143 148 153 158 0
114 116 124 126 134 136 144 146 154 156 0
114 117 124 127 134 137 144 147 154 157 0
114 118 124 128 134 138 144 148 154 158 0
114 119 124 129 134 139 144 149 154 159 0
-151 -261 0
-151 -371 0
-151 -481 0
-151 -591 0
-261 -371 0
-261 -481 0
-261 -591 0
-371 -481 0
-371 -591 0
-481 -591 0
-141 -251 0
-141 -361 0
-141 -471 0
-141 -581 0
-141 -681 0
-251 -361 0
-251 -471 0
-251 -581 0
-251 -681 0
-361 -471 0
-361 -581 0
-361 -681 0
-471 -581 0
-471 -681 0
-581 -681 0
-131 -241 0
-131 -351 0
-131 -461 0
-131 -571 0
-131 -671 0
-131 -771 0
-241 -351 0
-241 -461 0
-241 -571 0
-241 -671 0
-241 -771 0
-351 -461 0
-351 -571 0
-351 -671 0
-351 -771 0
-461 -571 0
-461 -671 0
-461 -771 0
-571 -671 0
-571 -771 0
-671 -771 0
-121 -231 0
-121 -341 0
-121 -451 0
-121 -561 0
-121 -661 0
-121 -761 0
-121 -861 0
-231 -341 0
-231 -451 0
-231 -561 0
-231 -661 0
-231 -761 0
-231 -861 0
-341 -451 0
-341 -561 0
-341 -661 0
-341 -761 0
-341 -861 0
-451 -561 0
-451 -661 0
-451 -761 0
-451 -861 0
-561 -661 0
-561 -761 0
-561 -861 0
-661 -761 0
-661 -861 0
-761 -861 0
-111 -221 0
-111 -331 0
-111 -441 0
-111 -551 0
-111 -651 0
-111 -751 0
-111 -851 0
-111 -951 0
-221 -331 0
-221 -441 0
-221 -551 0
-221 -651 0
-221 -751 0
-221 -851 0
-221 -951 0
-331 -441 0
-331 -551 0
-331 -651 0
-331 -751 0
-331 -851 0
-331 -951 0
-441 -551 0
-441 -651 0
-441 -751 0
-441 -851 0
-441 -951 0
-551 -651 0
-551 -751 0
-551 -851 0
-551 -951 0
-651 -751 0
-651 -851 0
-651 -951 0
-751 -851 0
-751 -951 0
-851 -951 0
-211 -321 0
-211 -431 0
-211 -541 0
-211 -641 0
-211 -741 0
-211 -841 0
-211 -941 0
-321 -431 0
-321 -541 0
-321 -641 0
-321 -741 0
-321 -841 0
-321 -941 0
-431 -541 0
-431 -641 0
-431 -741 0
-431 -841 0
-431 -941 0
-541 -641 0
-541 -741 0
-541 -841 0
-541 -941 0
-641 -741 0
-641 -841 0
-641 -941 0
-741 -841 0
-741 -941 0
-841 -941 0
-311 -421 0
-311 -531 0
-311 -631 0
-311 -731 0
-311 -831 0
-311 -931 0
-421 -531 0
-421 -631 0
-421 -731 0
-421 -831 0
-421 -931 0
-531 -631 0
-531 -731 0
-531 -831 0
-531 -931 0
-631 -731 0
-631 -831 0
-631 -931 0
-731 -831 0
-731 -931 0
-831 -931 0
-411 -521 0
-411 -621 0
-411 -721 0
-411 -821 0
-411 -921 0
-521 -621 0
-521 -721 0
-521 -821 0
-521 -921 0
-621 -721 0
-621 -821 0
-621 -921 0
-721 -821 0
-721 -921 0
-821 -921 0
-511 -611 0
-511 -711 0
-511 -811 0
-511 -911 0
-611 -711 0
-611 -811 0
-611 -911 0
-711 -811 0
-711 -911 0
-811 -911 0
-152 -262 0
-152 -372 0
-152 -482 0
-152 -592 0
-262 -372 0
-262 -482 0
-262 -592 0
-372 -482 0
-372 -592 0
-482 -592 0
-142 -252 0
-142 -362 0
-142 -472 0
-142 -582 0
-142 -682 0
-252 -362 0
-252 -472 0
-252 -582 0
-252 -682 0
-362 -472 0
-362 -582 0
-362 -682 0
-472 -582 0
-472 -682 0
-582 -682 0
-132 -242 0
-132 -352 0
-132 -462 0
-132 -572 0
-132 -672 0
-132 -772 0
-242 -352 0
-242 -462 0
-242 -572 0
-242 -672 0
-242 -772 0
-352 -462 0
-352 -572 0
-352 -672 0
-352 -772 0
-462 -572 0
-462 -672 0
-462 -772 0
-572 -672 0
-572 -772 0
-672 -772 0
-122 -232 0
-122 -342 0
-122 -452 0
-122 -562 0
-122 -662 0
-122 -762 0
-122 -862 0
-232 -342 0
-232 -452 0
-232 -562 0
-232 -662 0
-232 -762 0
-232 -862 0
-342 -452 0
-342 -562 0
-342 -662 0
-342 -762 0
-342 -862 0
-452 -562 0
-452 -662 0
-452 -762 0
-452 -862 0
-562 -662 0
-562 -762 0
-562 -862 0
-662 -762 0
-662 -862 0
-762 -862 0
-112 -222 0
-112 -332 0
-112 -442 0
-112 -552 0
-112 -652 0
-112 -752 0
-112 -852 0
-112 -952 0
-222 -332 0
-222 -442 0
-222 -552 0
-222 -652 0
-222 -752 0
-222 -852 0
-222 -952 0
-332 -442 0
-332 -552 0
-332 -652 0
-332 -752 0
-332 -852 0
-332 -952 0
-442 -552 0
-442 -652 0
-442 -752 0
-442 -852 0
-442 -952 0
-552 -652 0
-552 -752 0
-552 -852 0
-552 -952 0
-652 -752 0
-652 -852 0
-652 -952 0
-752 -852 0
-752 -952 0
-852 -952 0
-212 -322 0
-212 -432 0
-212 -542 0
-212 -642 0
-212 -742 0
-212 -842 0
-212 -942 0
-322 -432 0
-322 -542 0
-322 -642 0
-322 -742 0
-322 -842 0
-322 -942 0
-432 -542 0
-432 -642 0
-432 -742 0
-432 -842 0
-432 -942 0
-542 -642 0
-542 -742 0
-542 -842 0
-542 -942 0
-642 -742 0
-642 -842 0
-642 -942 0
-742 -842 0
-742 -942 0
-842 -942 0
-312 -422 0
-312 -532 0
-312 -632 0
-312 -732 0
-312 -832 0
-312 -932 0
-422 -532 0
-422 -632 0
-422 -732 0
-422 -832 0
-422 -932 0
-532 -632 0
-532 -732 0
-532 -832 0
-532 -932 0
-632 -732 0
-632 -832 0
-632 -932 0
-732 -832 0
-732 -932 0
-832 -932 0
-412 -522 0
-412 -622 0
-412 -722 0
-412 -822 0
-412 -922 0
-522 -622 0
-522 -722 0
-522 -822 0
-522 -922 0
-622 -722 0
-622 -822 0
-622 -922 0
-722 -822 0
-722 -922 0
-822 -922 0
-512 -612 0
-512 -712 0
-512 -812 0
-512 -912 0
-612 -712 0
-612 -812 0
-612 -912 0
-712 -812 0
-712 -912 0
-812 -912 0
-153 -263 0
-153 -373 0
-153 -483 0
-153 -593 0
-263 -373 0
-263 -483 0
-263 -593 0
-373 -483 0
-373 -593 0
-483 -593 0
-143 -253 0
-143 -363 0
-143 -473 0
-143 -583 0
-143 -683 0
-253 -363 0
-253 -473 0
-253 -583 0
-253 -683 0
-363 -473 0
-363 -583 0
-363 -683 0
-473 -583 0
-473 -683 0
-583 -683 0
-133 -243 0
-133 -353 0
-133 -463 0
-133 -573 0
-133 -673 0
-133 -773 0
-243 -353 0
-243 -463 0
-243 -573 0
-243 -673 0
-243 -773 0
-353 -463 0
-353 -573 0
-353 -673 0
-353 -773 0
-463 -573 0
-463 -673 0
-463 -773 0
-573 -673 0
-573 -773 0
-673 -773 0
-123 -233 0
-123 -343 0
-123 -453 0
-123 -563 0
-123 -663 0
-123 -763 0
-123 -863 0
-233 -343 0
-233 -453 0
-233 -563 0
-233 -663 0
-233 -763 0
-233 -863 0
-343 -453 0
-343 -563 0
-343 -663 0
-343 -763 0
-343 -863 0
-453 -563 0
-453 -663 0
-453 -763 0
-453 -863 0
-563 -663 0
-563 -763 0
-563 -863 0
-663 -763 0
-663 -863 0
-763 -863 0
-113 -223 0
-113 -333 0
-113 -443 0
-113 -553 0
-113 -653 0
-113 -753 0
-113 -853 0
-113 -953 0
-223 -333 0
-223 -443 0
-223 -553 0
-223 -653 0
-223 -753 0
-223 -853 0
-223 -953 0
-333 -443 0
-333 -553 0
-333 -653 0
-333 -753 0
-333 -853 0
-333 -953 0
-443 -553 0
-443 -653 0
-443 -753 0
-443 -853 0
-443 -953 0
-553 -653 0
-553 -753 0
-553 -853 0
-553 -953 0
-653 -753 0
-653 -853 0
-653 -953 0
-753 -853 0
-753 -953 0
-853 -953 0
-213 -323 0
-213 -433 0
-213 -543 0
-213 -643 0
-213 -743 0
-213 -843 0
-213 -943 0
-323 -433 0
-323 -543 0
-323 -643 0
-323 -743 0
-323 -843 0
-323 -943 0
-433 -543 0
-433 -643 0
-433 -743 0
-433 -843 0
-433 -943 0
-543 -643 0
-543 -743 0
-543 -843 0
-543 -943 0
-643 -743 0
-643 -843 0
-643 -943 0
-743 -843 0
-743 -943 0
-843 -943 0
-313 -423 0
-313 -533 0
-313 -633 0
-313 -733 0
-313 -833 0
-313 -933 0
-423 -533 0
-423 -633 0
-423 -733 0
-423 -833 0
-423 -933 0
-533 -633 0
-533 -733 0
-533 -833 0
-533 -933 0
-633 -733 0
-633 -833 0
-633 -933 0
-733 -833 0
-733 -933 0
-833 -933 0
-413 -523 0
-413 -623 0
-413 -723 0
-413 -823 0
-413 -923 0
-523 -623 0
-523 -723 0
-523 -823 0
-523 -923 0
-623 -723 0
-623 -823 0
-623 -923 0
-723 -823 0
-723 -923 0
-823 -923 0
-513 -613 0
-513 -713 0
-513 -813 0
-513 -913 0
-613 -713 0
-613 -813 0
-613 -913 0
-713 -813 0
-713 -913 0
-813 -913 0
-154 -264 0
-154 -374 0
-154 -484 0
-154 -594 0
-264 -374 0
-264 -484 0
-264 -594 0
-374 -484 0
-374 -594 0
-484 -594 0
-144 -254 0
-144 -364 0
-144 -474 0
-144 -584 0
-144 -684 0
-254 -364 0
-254 -474 0
-254 -584 0
-254 -684 0
-364 -474 0
-364 -584 0
-364 -684 0
-474 -584 0
-474 -684 0
-584 -684 0
-134 -244 0
-134 -354 0
-134 -464 0
-134 -574 0
-134 -674 0
-134 -774 0
-244 -354 0
-244 -464 0
-244 -574 0
-244 -674 0
-244 -774 0
-354 -464 0
-354 -574 0
-354 -674 0
-354 -774 0
-464 -574 0
-464 -674 0
-464 -774 0
-574 -674 0
-574 -774 0
-674 -774 0
-124 -234 0
-124 -344 0
-124 -454 0
-124 -564 0
-124 -664 0
-124 -764 0
-124 -864 0
-234 -344 0
-234 -454 0
-234 -564 0
-234 -664 0
-234 -764 0
-234 -864 0
-344 -454 0
-344 -564 0
-344 -664 0
-344 -764 0
-344 -864 0
-454 -564 0
-454 -664 0
-454 -764 0
-454 -864 0
-564 -664 0
-564 -764 0
-564 -864 0
-664 -764 0
-664 -864 0
-764 -864 0
-114 -224 0
-114 -334 0
-114 -444 0
-114 -554 0
-114 -654 0
-114 -754 0
-114 -854 0
-114 -954 0
-224 -334 0
-224 -444 0
-224 -554 0
-224 -654 0
-224 -754 0
-224 -854 0
-224 -954 0
-334 -444 0
-334 -554 0
-334 -654 0
-334 -754 0
-334 -854 0
-334 -954 0
-444 -554 0
-444 -654 0
-444 -754 0
-444 -854 0
-444 -954 0
-554 -654 0
-554 -754 0
-554 -854 0
-554 -954 0
-654 -754 0
-654 -854 0
-654 -954 0
-754 -854 0
-754 -954 0
-854 -954 0
-214 -324 0
-214 -434 0
-214 -544 0
-214 -644 0
-214 -744 0
-214 -844 0
-214 -944 0
-324 -434 0
-324 -544 0
-324 -644 0
-324 -744 0
-324 -844 0
-324 -944 0
-434 -544 0
-434 -644 0
-434 -744 0
-434 -844 0
-434 -944 0
-544 -644 0
-544 -744 0
-544 -844 0
-544 -944 0
-644 -744 0
-644 -844 0
-644 -944 0
-744 -844 0
-744 -944 0
-844 -944 0
-314 -424 0
-314 -534 0
-314 -634 0
-314 -734 0
-314 -834 0
-314 -934 0
-424 -534 0
-424 -634 0
-424 -734 0
-424 -834 0
-424 -934 0
-534 -634 0
-534 -734 0
-534 -834 0
-534 -934 0
-634 -734 0
-634 -834 0
-634 -934 0
-734 -834 0
-734 -934 0
-834 -934 0
-414 -524 0
-414 -624 0
-414 -724 0
-414 -824 0
-414 -924 0
-524 -624 0
-524 -724 0
-524 -824 0
-524 -924 0
-624 -724 0
-624 -824 0
-624 -924 0
-724 -824 0
-724 -924 0
-824 -924 0
-514 -614 0
-514 -714 0
-514 -814 0
-514 -914 0
-614 -714 0
-614 -814 0
-614 -914 0
-714 -814 0
-714 -914 0
-814 -914 0
-155 -265 0
-155 -375 0
-155 -485 0
-155 -595 0
-265 -375 0
-265 -485 0
-265 -595 0
-375 -485 0
-375 -595 0
-485 -595 0
-145 -255 0
-145 -365 0
-145 -475 0
-145 -585 0
-145 -685 0
-255 -365 0
-255 -475 0
-255 -585 0
-255 -685 0
-365 -475 0
-365 -585 0
-365 -685 0
-475 -585 0
-475 -685 0
-585 -685 0
-135 -245 0
-135 -355 0
-135 -465 0
-135 -575 0
-135 -675 0
-135 -775 0
-245 -355 0
-245 -465 0
-245 -575 0
-245 -675 0
-245 -775 0
-355 -465 0
-355 -575 0
-355 -675 0
-355 -775 0
-465 -575 0
-465 -675 0
-465 -775 0
-575 -675 0
-575 -775 0
-675 -775 0
-125 -235 0
-125 -345 0
-125 -455 0
-125 -565 0
-125 -665 0
-125 -765 0
-125 -865 0
-235 -345 0
-235 -455 0
-235 -565 0
-235 -665 0
-235 -765 0
-235 -865 0
-345 -455 0
-345 -565 0
-345 -665 0
-345 -765 0
-345 -865 0
-455 -565 0
-455 -665 0
-455 -765 0
-455 -865 0
-565 -665 0
-565 -765 0
-565 -865 0
-665 -765 0
-665 -865 0
-765 -865 0
-115 -225 0
-115 -335 0
-115 -445 0
-115 -555 0
-115 -655 0
-115 -755 0
-115 -855 0
-115 -955 0
-225 -335 0
-225 -445 0
-225 -555 0
-225 -655 0
-225 -755 0
-225 -855 0
-225 -955 0
-335 -445 0
-335 -555 0
-335 -655 0
-335 -755 0
-335 -855 0
-335 -955 0
-445 -555 0
-445 -655 0
-445 -755 0
-445 -855 0
-445 -955 0
-555 -655 0
-555 -755 0
-555 -855 0
-555 -955 0
-655 -755 0
-655 -855 0
-655 -955 0
-755 -855 0
-755 -955 0
-855 -955 0
-215 -325 0
-215 -435 0
-215 -545 0
-215 -645 0
-215 -745 0
-215 -845 0
-215 -945 0
-325 -435 0
-325 -545 0
-325 -645 0
-325 -745 0
-325 -845 0
-325 -945 0
-435 -545 0
-435 -645 0
-435 -745 0
-435 -845 0
-435 -945 0
-545 -645 0
-545 -745 0
-545 -845 0
-545 -945 0
-645 -745 0
-645 -845 0
-645 -945 0
-745 -845 0
-745 -945 0
-845 -945 0
-315 -425 0
-315 -535 0
-315 -635 0
-315 -735 0
-315 -835 0
-315 -935 0
-425 -535 0
-425 -635 0
-425 -735 0
-425 -835 0
-425 -935 0
-535 -635 0
-535 -735 0
-535 -835 0
-535 -935 0
-635 -735 0
-635 -835 0
-635 -935 0
-735 -835 0
-735 -935 0
-835 -935 0
-415 -525 0
-415 -625 0
-415 -725 0
-415 -825 0
-415 -925 0
-525 -625 0
-525 -725 0
-525 -825 0
-525 -925 0
-625 -725 0
-625 -825 0
-625 -925 0
-725 -825 0
-725 -925 0
-825 -925 0
-515 -615 0
-515 -715 0
-515 -815 0
-515 -915 0
-615 -715 0
-615 -815 0
-615 -915 0
-715 -815 0
-715 -915 0
-815 -915 0
-156 -266 0
-156 -376 0
-156 -486 0
-156 -596 0
-266 -376 0
-266 -486 0
-266 -596 0
-376 -486 0
-376 -596 0
-486 -596 0
-146 -256 0
-146 -366 0
-146 -476 0
-146 -586 0
-146 -686 0
-256 -366 0
-256 -476 0
-256 -586 0
-256 -686 0
-366 -476 0
-366 -586 0
-366 -686 0
-476 -586 0
-476 -686 0
-586 -686 0
-136 -246 0
-136 -356 0
-136 -466 0
-136 -576 0
-136 -676 0
-136 -776 0
-246 -356 0
-246 -466 0
-246 -576 0
-246 -676 0
-246 -776 0
-356 -466 0
-356 -576 0
-356 -676 0
-356 -776 0
-466 -576 0
-466 -676 0
-466 -776 0
-576 -676 0
-576 -776 0
-676 -776 0
-126 -236 0
-126 -346 0
-126 -456 0
-126 -566 0
-126 -666 0
-126 -766 0
-126 -866 0
-236 -346 0
-236 -456 0
-236 -566 0
-236 -666 0
-236 -766 0
-236 -866 0
-346 -456 0
-346 -566 0
-346 -666 0
-346 -766 0
-346 -866 0
-456 -566 0
-456 -666 0
-456 -766 0
-456 -866 0
-566 -666 0
-566 -766 0
-566 -866 0
-666 -766 0
-666 -866 0
-766 -866 0
-116 -226 0
-116 -336 0
-116 -446 0
-116 -556 0
-116 -656 0
-116 -756 0
-116 -856 0
-116 -956 0
-226 -336 0
-226 -446 0
-226 -556 0
-226 -656 0
-226 -756 0
-226 -856 0
-226 -956 0
-336 -446 0
-336 -556 0
-336 -656 0
-336 -756 0
-336 -856 0
-336 -956 0
-446 -556 0
-446 -656 0
-446 -756 0
-446 -856 0
-446 -956 0
-556 -656 0
-556 -756 0
-556 -856 0
-556 -956 0
-656 -756 0
-656 -856 0
-656 -956 0
-756 -856 0
-756 -956 0
-856 -956 0
-216 -326 0
-216 -436 0
-216 -546 0
-216 -646 0
-216 -746 0
-216 -846 0
-216 -946 0
-326 -436 0
-326 -546 0
-326 -646 0
-326 -746 0
-326 -846 0
-326 -946 0
-436 -546 0
-436 -646 0
-436 -746 0
-436 -846 0
-436 -946 0
-546 -646 0
-546 -746 0
-546 -846 0
-546 -946 0
-646 -746 0
-646 -846 0
-646 -946 0
-746 -846 0
-746 -946 0
-846 -946 0
-316 -426 0
-316 -536 0
-316 -636 0
-316 -736 0
-316 -836 0
-316 -936 0
-426 -536 0
-426 -636 0
-426 -736 0
-426 -836 0
-426 -936 0
-536 -636 0
-536 -736 0
-536 -836 0
-536 -936 0
-636 -736 0
-636 -836 0
-636 -936 0
-736 -836 0
-736 -936 0
-836 -936 0
-416 -526 0
-416 -626 0
-416 -726 0
-416 -826 0
-416 -926 0
-526 -626 0
-526 -726 0
-526 -826 0
-526 -926 0
-626 -726 0
-626 -826 0
-626 -926 0
-726 -826 0
-726 -926 0
-826 -926 0
-516 -616 0
-516 -716 0
-516 -816 0
-516 -916 0
-616 -716 0
-616 -816 0
-616 -916 0
-716 -816 0
-716 -916 0
-816 -916 0
-157 -267 0
-157 -377 0
-157 -487 0
-157 -597 0
-267 -377 0
-267 -487 0
-267 -597 0
-377 -487 0
-377 -597 0
-487 -597 0
-147 -257 0
-147 -367 0
-147 -477 0
-147 -587 0
-147 -687 0
-257 -367 0
-257 -477 0
-257 -587 0
-257 -687 0
-367 -477 0
-367 -587 0
-367 -687 0
-477 -587 0
-477 -687 0
-587 -687 0
-137 -247 0
-137 -357 0
-137 -467 0
-137 -577 0
-137 -677 0
-137 -777 0
-247 -357 0
-247 -467 0
-247 -577 0
-247 -677 0
-247 -777 0
-357 -467 0
-357 -577 0
-357 -677 0
-357 -777 0
-467 -577 0
-467 -677 0
-467 -777 0
-577 -677 0
-577 -777 0
-677 -777 0
-127 -237 0
-127 -347 0
-127 -457 0
-127 -567 0
-127 -667 0
-127 -767 0
-127 -867 0
-237 -347 0
-237 -457 0
-237 -567 0
-237 -667 0
-237 -767 0
-237 -867 0
-347 -457 0
-347 -567 0
-347 -667 0
-347 -767 0
-347 -867 0
-457 -567 0
-457 -667 0
-457 -767 0
-457 -867 0
-567 -667 0
-567 -767 0
-567 -867 0
-667 -767 0
-667 -867 0
-767 -867 0
-117 -227 0
-117 -337 0
-117 -447 0
-117 -557 0
-117 -657 0
-117 -757 0
-117 -857 0
-117 -957 0
-227 -337 0
-227 -447 0
-227 -557 0
-227 -657 0
-227 -757 0
-227 -857 0
-227 -957 0
-337 -447 0
-337 -557 0
-337 -657 0
-337 -757 0
-337 -857 0
-337 -957 0
-447 -557 0
-447 -657 0
-447 -757 0
-447 -857 0
-447 -957 0
-557 -657 0
-557 -757 0
-557 -857 0
-557 -957 0
-657 -757 0
-657 -857 0
-657 -957 0
-757 -857 0
-757 -957 0
-857 -957 0
-217 -327 0
-217 -437 0
-217 -547 0
-217 -647 0
-217 -747 0
-217 -847 0
-217 -947 0
-327 -437 0
-327 -547 0
-327 -647 0
-327 -747 0
-327 -847 0
-327 -947 0
-437 -547 0
-437 -647 0
-437 -747 0
-437 -847 0
-437 -947 0
-547 -647 0
-547 -747 0
-547 -847 0
-547 -947 0
-647 -747 0
-647 -847 0
-647 -947 0
-747 -847 0
-747 -947 0
-847 -947 0
-317 -427 0
-317 -537 0
-317 -637 0
-317 -737 0
-317 -837 0
-317 -937 0
-427 -537 0
-427 -637 0
-427 -737 0
-427 -837 0
-427 -937 0
-537 -637 0
-537 -737 0
-537 -837 0
-537 -937 0
-637 -737 0
-637 -837 0
-637 -937 0
-737 -837 0
-737 -937 0
-837 -937 0
-417 -527 0
-417 -627 0
-417 -727 0
-417 -827 0
-417 -927 0
-527 -627 0
-527 -727 0
-527 -827 0
-527 -927 0
-627 -727 0
-627 -827 0
-627 -927 0
-727 -827 0
-727 -927 0
-827 -927 0
-517 -617 0
-517 -717 0
-517 -817 0
-517 -917 0
-617 -717 0
-617 -817 0
-617 -917 0
-717 -817 0
-717 -917 0
-817 -917 0
-158 -268 0
-158 -378 0
-158 -488 0
-158 -598 0
-268 -378 0
-268 -488 0
-268 -598 0
-378 -488 0
-378 -598 0
-488 -598 0
-148 -258 0
-148 -368 0
-148 -478 0
-148 -588 0
-148 -688 0
-258 -368 0
-258 -478 0
-258 -588 0
-258 -688 0
-368 -478 0
-368 -588 0
-368 -688 0
-478 -588 0
-478 -688 0
-588 -688 0
-138 -248 0
-138 -358 0
-138 -468 0
-138 -578 0
-138 -678 0
-138 -778 0
-248 -358 0
-248 -468 0
-248 -578 0
-248 -678 0
-248 -778 0
-358 -468 0
-358 -578 0
-358 -678 0
-358 -778 0
-468 -578 0
-468 -678 0
-468 -778 0
-578 -678 0
-578 -778 0
-678 -778 0
-128 -238 0
-128 -348 0
-128 -458 0
-128 -568 0
-128 -668 0
-128 -768 0
-128 -868 0
-238 -348 0
-238 -458 0
-238 -568 0
-238 -668 0
-238 -768 0
-238 -868 0
-348 -458 0
-348 -568 0
-348 -668 0
-348 -768 0
-348 -868 0
-458 -568 0
-458 -668 0
-458 -768 0
-458 -868 0
-568 -668 0
-568 -768 0
-568 -868 0
-668 -768 0
-668 -868 0
-768 -868 0
-118 -228 0
-118 -338 0
-118 -448 0
-118 -558 0
-118 -658 0
-118 -758 0
-118 -858 0
-118 -958 0
-228 -338 0
-228 -448 0
-228 -558 0
-228 -658 0
-228 -758 0
-228 -858 0
-228 -958 0
-338 -448 0
-338 -558 0
-338 -658 0
-338 -758 0
-338 -858 0
-338 -958 0
-448 -558 0
-448 -658 0
-448 -758 0
-448 -858 0
-448 -958 0
-558 -658 0
-558 -758 0
-558 -858 0
-558 -958 0
-658 -758 0
-658 -858 0
-658 -958 0
-758 -858 0
-758 -958 0
-858 -958 0
-218 -328 0
-218 -438 0
-218 -548 0
-218 -648 0
-218 -748 0
-218 -848 0
-218 -948 0
-328 -438 0
-328 -548 0
-328 -648 0
-328 -748 0
-328 -848 0
-328 -948 0
-438 -548 0
-438 -648 0
-438 -748 0
-438 -848 0
-438 -948 0
-548 -648 0
-548 -748 0
-548 -848 0
-548 -948 0
-648 -748 0
-648 -848 0
-648 -948 0
-748 -848 0
-748 -948 0
-848 -948 0
-318 -428 0
-318 -538 0
-318 -638 0
-318 -738 0
-318 -838 0
-318 -938 0
-428 -538 0
-428 -638 0
-428 -738 0
-428 -838 0
-428 -938 0
-538 -638 0
-538 -738 0
-538 -838 0
-538 -938 0
-638 -738 0
-638 -838 0
-638 -938 0
-738 -838 0
-738 -938 0
-838 -938 0
-418 -528 0
-418 -628 0
-418 -728 0
-418 -828 0
-418 -928 0
-528 -628 0
-528 -728 0
-528 -828 0
-528 -928 0
-628 -728 0
-628 -828 0
-628 -928 0
-728 -828 0
-728 -928 0
-828 -928 0
-518 -618 0
-518 -718 0
-518 -818 0
-518 -918 0
-618 -718 0
-618 -818 0
-618 -918 0
-718 -818 0
-718 -918 0
-818 -918 0
-159 -269 0
-159 -379 0
-159 -489 0
-159 -599 0
-269 -379 0
-269 -489 0
-269 -599 0
-379 -489 0
-379 -599 0
-489 -599 0
-149 -259 0
-149 -369 0
-149 -479 0
-149 -589 0
-149 -689 0
-259 -369 0
-259 -479 0
-259 -589 0
-259 -689 0
-369 -479 0
-369 -589 0
-369 -689 0
-479 -589 0
-479 -689 0
-589 -689 0
-139 -249 0
-139 -359 0
-139 -469 0
-139 -579 0
-139 -679 0
-139 -779 0
-249 -359 0
-249 -469 0
-249 -579 0
-249 -679 0
-249 -779 0
-359 -469 0
-359 -579 0
-359 -679 0
-359 -779 0
-469 -579 0
-469 -679 0
-469 -779 0
-579 -679 0
-579 -779 0
-679 -779 0
-129 -239 0
-129 -349 0
-129 -459 0
-129 -569 0
-129 -669 0
-129 -769 0
-129 -869 0
-239 -349 0
-239 -459 0
-239 -569 0
-239 -669 0
-239 -769 0
-239 -869 0
-349 -459 0
-349 -569 0
-349 -669 0
-349 -769 0
-349 -869 0
-459 -569 0
-459 -669 0
-459 -769 0
-459 -869 0
-569 -669 0
-569 -769 0
-569 -869 0
-669 -769 0
-669 -869 0
-769 -869 0
-119 -229 0
-119 -339 0
-119 -449 0
-119 -559 0
-119 -659 0
-119 -759 0
-119 -859 0
-119 -959 0
-229 -339 0
-229 -449 0
-229 -559 0
-229 -659 0
-229 -759 0
-229 -859 0
-229 -959 0
-339 -449 0
-339 -559 0
-339 -659 0
-339 -759 0
-339 -859 0
-339 -959 0
-449 -559 0
-449 -659 0
-449 -759 0
-449 -859 0
-449 -959 0
-559 -659 0
-559 -759 0
-559 -859 0
-559 -959 0
-659 -759 0
-659 -859 0
-659 -959 0
-759 -859 0
-759 -959 0
-859 -959 0
-219 -329 0
-219 -439 0
-219 -549 0
-219 -649 0
-219 -749 0
-219 -849 0
-219 -949 0
-329 -439 0
-329 -549 0
-329 -649 0
-329 -749 0
-329 -849 0
-329 -949 0
-439 -549 0
-439 -649 0
-439 -749 0
-439 -849 0
-439 -949 0
-549 -649 0
-549 -749 0
-549 -849 0
-549 -949 0
-649 -749 0
-649 -849 0
-649 -949 0
-749 -849 0
-749 -949 0
-849 -949 0
-319 -429 0
-319 -539 0
-319 -639 0
-319 -739 0
-319 -839 0
-319 -939 0
-429 -539 0
-429 -639 0
-429 -739 0
-429 -839 0
-429 -939 0
-539 -639 0
-539 -739 0
-539 -839 0
-539 -939 0
-639 -739 0
-639 -839 0
-639 -939 0
-739 -839 0
-739 -939 0
-839 -939 0
-419 -529 0
-419 -629 0
-419 -729 0
-419 -829 0
-419 -929 0
-529 -629 0
-529 -729 0
-529 -829 0
-529 -929 0
-629 -729 0
-629 -829 0
-629 -929 0
-729 -829 0
-729 -929 0
-829 -929 0
-519 -619 0
-519 -719 0
-519 -819 0
-519 -919 0
-619 -719 0
-619 -819 0
-619 -919 0
-719 -819 0
-719 -919 0
-819 -919 0
595 685 775 865 955 0
111 116 121 126 131 136 141 146 151 156 0
112 116 122 126 132 136 142 146 152 156 0
112 117 122 127 132 137 142 147 152 157 0
113 116 123 126 133 136 143 146 153 156 0
113 117 123 127 133 137 143 147 153 157 0
113 118 123 128 133 138 143 148 153 158 0
114 116 124 126 134 136 144 146 154 156 0
114 117 124 127 134 137 144 147 154 157 0
114 118 124 128 134 138 144 148 154 158 0
114 119 124 129 134 139 144 149 154 159 0
484 584 674 764 854 944 0
485 585 675 765 855 945 0
486 586 676 766 856 946 0
111 117 121 127 131 137 141 147 151 157 161 167 0
112 117 122 127 132 137 142 147 152 157 162 167 0
112 118 122 128 132 138 142 148 152 158 162 168 0
113 117 123 127 133 137 143 147 153 157 163 167 0
113 118 123 128 133 138 143 148 153 158 163 168 0
113 119 123 129 133 139 143 149 153 159 163 169 0
373 473 573 663 753 843 933 0
374 474 574 664 754 844 934 0
375 475 575 665 755 845 935 0
376 476 576 666 756 846 936 0
377 477 577 667 757 847 937 0
111 118 121 128 131 138 141 148 151 158 161 168 171 178 0
112 118 122 128 132 138 142 148 152 158 162 168 172 178 0
112 119 122 129 132 139 142 149 152 159 162 169 172 179 0
262 362 462 562 652 742 832 922 0
263 363 463 563 653 743 833 923 0
264 364 464 564 654 744 834 924 0
265 365 465 565 655 745 835 925 0
266 366 466 566 656 746 836 926 0
267 367 467 567 657 747 837 927 0
268 368 468 568 658 748 838 928 0
111 119 121 129 131 139 141 149 151 159 161 169 171 179 181 189 0
151 251 351 451 551 641 731 821 911 0
152 252 352 452 552 642 732 822 912 0
153 253 353 453 553 643 733 823 913 0
154 254 354 454 554 644 734 824 914 0
155 255 355 455 555 645 735 825 915 0
156 256 356 456 556 646 736 826 916 0
157 257 357 457 557 647 737 827 917 0
158 258 358 458 558 648 738 828 918 0
159 259 359 459 559 649 739 829 919 0
142 242 342 442 542 632 722 812 0
143 243 343 443 543 633 723 813 0
144 244 344 444 544 634 724 814 0
145 245 345 445 545 635 725 815 0
146 246 346 446 546 636 726 816 0
147 247 347 447 547 637 727 817 0
148 248 348 448 548 638 728 818 0
111 119 121 129 131 139 141 149 151 159 161 169 171 179 181 189 0
133 233 333 433 533 623 713 0
134 234 334 434 534 624 714 0
135 235 335 435 535 625 715 0
136 236 336 436 536 626 716 0
137 237 337 437 537 627 717 0
111 118 121 128 131 138 141 148 151 158 161 168 171 178 0
112 118 122 128 132 138 142 148 152 158 162 168 172 178 0
112 119 122 129 132 139 142 149 152 159 162 169 172 179 0
124 224 324 424 524 614 0
125 225 325 425 525 615 0
126 226 326 426 526 616 0
111 117 121 127 131 137 141 147 151 157 161 167 0
112 117 122 127 132 137 142 147 152 157 162 167 0
112 118 122 128 132 138 142 148 152 158 162 168 0
113 117 123 127 133 137 143 147 153 157 163 167 0
113 118 123 128 133 138 143 148 153 158 163 168 0
113 119 123 129 133 139 143 149 153 159 163 169 0
115 215 315 415 515 0
111 116 121 126 131 136 141 146 151 156 0
112 116 122 126 132 136 142 146 152 156 0
112 117 122 127 132 137 142 147 152 157 0
113 116 123 126 133 136 143 146 153 156 0
113 117 123 127 133 137 143 147 153 157 0
113 118 123 128 133 138 143 148 153 158 0
114 116 124 126 134 136 144 146 154 156 0
114 117 124 127 134 137 144 147 154 157 0
114 118 124 128 134 138 144 148 154 158 0
114 119 124 129 134 139 144 149 154 159 0
-591 -681 0
-591 -771 0
-591 -861 0
-591 -951 0
-681 -771 0
-681 -861 0
-681 -951 0
-771 -861 0
-771 -951 0
-861 -951 0
-481 -581 0
-481 -671 0
-481 -761 0
-481 -851 0
-481 -941 0
-581 -671 0
-581 -761 0
-581 -851 0
-581 -941 0
-671 -761 0
-671 -851 0
-671 -941 0
-761 -851 0
-761 -941 0
-851 -941 0
-371 -471 0
-371 -571 0
-371 -661 0
-371 -751 0
-371 -841 0
-371 -931 0
-471 -571 0
-471 -661 0
-471 -751 0
-471 -841 0
-471 -931 0
-571 -661 0
-571 -751 0
-571 -841 0
-571 -931 0
-661 -751 0
-661 -841 0
-661 -931 0
-751 -841 0
-751 -931 0
-841 -931 0
-261 -361 0
-261 -461 0
-261 -561 0
-261 -651 0
-261 -741 0
-261 -831 0
-261 -921 0
-361 -461 0
-361 -561 0
-361 -651 0
-361 -741 0
-361 -831 0
-361 -921 0
-461 -561 0
-461 -651 0
-461 -741 0
-461 -831 0
-461 -921 0
-561 -651 0
-561 -741 0
-561 -831 0
-561 -921 0
-651 -741 0
-651 -831 0
-651 -921 0
-741 -831 0
-741 -921 0
-831 -921 0
-151 -251 0
-151 -351 0
-151 -451 0
-151 -551 0
-151 -641 0
-151 -731 0
-151 -821 0
-151 -911 0
-251 -351 0
-251 -451 0
-251 -551 0
-251 -641 0
-251 -731 0
-251 -821 0
-251 -911 0
-351 -451 0
-351 -551 0
-351 -641 0
-351 -731 0
-351 -821 0
-351 -911 0
-451 -551 0
-451 -641 0
-451 -731 0
-451 -821 0
-451 -911 0
-551 -641 0
-551 -731 0
-551 -821 0
-551 -911 0
-641 -731 0
-641 -821 0
-641 -911 0
-731 -821 0
-731 -911 0
-821 -911 0
-141 -241 0
-141 -341 0
-141 -441 0
-141 -541 0
-141 -631 0
-141 -721 0
-141 -811 0
-241 -341 0
-241 -441 0
-241 -541 0
-241 -631 0
-241 -721 0
-241 -811 0
-341 -441 0
-341 -541 0
-341 -631 0
-341 -721 0
-341 -811 0
-441 -541 0
-441 -631 0
-441 -721 0
-441 -811 0
-541 -631 0
-541 -721 0
-541 -811 0
-631 -721 0
-631 -811 0
-721 -811 0
-131 -231 0
-131 -331 0
-131 -431 0
-131 -531 0
-131 -621 0
-131 -711 0
-231 -331 0
-231 -431 0
-231 -531 0
-231 -621 0
-231 -711 0
-331 -431 0
-331 -531 0
-331 -621 0
-331 -711 0
-431 -531 0
-431 -621 0
-431 -711 0
-531 -621 0
-531 -711 0
-621 -711 0
-121 -221 0
-121 -321 0
-121 -421 0
-121 -521 0
-121 -611 0
-221 -321 0
-221 -421 0
-221 -521 0
-221 -611 0
-321 -421 0
-321 -521 0
-321 -611 0
-421 -521 0
-421 -611 0
-521 -611 0
-111 -211 0
-111 -311 0
-111 -411 0
-111 -511 0
-211 -311 0
-211 -411 0
-211 -511 0
-311 -411 0
-311 -511 0
-411 -511 0
-592 -682 0
-592 -772 0
-592 -862 0
-592 -952 0
-682 -772 0
-682 -862 0
-682 -952 0
-772 -862 0
-772 -952 0
-862 -952 0
-482 -582 0
-482 -672 0
-482 -762 0
-482 -852 0
-482 -942 0
-582 -672 0
-582 -762 0
-582 -852 0
-582 -942 0
-672 -762 0
-672 -852 0
-672 -942 0
-762 -852 0
-762 -942 0
-852 -942 0
-372 -472 0
-372 -572 0
-372 -662 0
-372 -752 0
-372 -842 0
-372 -932 0
-472 -572 0
-472 -662 0
-472 -752 0
-472 -842 0
-472 -932 0
-572 -662 0
-572 -752 0
-572 -842 0
-572 -932 0
-662 -752 0
-662 -842 0
-662 -932 0
-752 -842 0
-752 -932 0
-842 -932 0
-262 -362 0
-262 -462 0
-262 -562 0
-262 -652 0
-262 -742 0
-262 -832 0
-262 -922 0
-362 -462 0
-362 -562 0
-362 -652 0
-362 -742 0
-362 -832 0
-362 -922 0
-462 -562 0
-462 -652 0
-462 -742 0
-462 -832 0
-462 -922 0
-562 -652 0
-562 -742 0
-562 -832 0
-562 -922 0
-652 -742 0
-652 -832 0
-652 -922 0
-742 -832 0
-742 -922 0
-832 -922 0
-152 -252 0
-152 -352 0
-152 -452 0
-152 -552 0
-152 -642 0
-152 -732 0
-152 -822 0
-152 -912 0
-252 -352 0
-252 -452 0
-252 -552 0
-252 -642 0
-252 -732 0
-252 -822 0
-252 -912 0
-352 -452 0
-352 -552 0
-352 -642 0
-352 -732 0
-352 -822 0
-352 -912 0
-452 -552 0
-452 -642 0
-452 -732 0
-452 -822 0
-452 -912 0
-552 -642 0
-552 -732 0
-552 -822 0
-552 -912 0
-642 -732 0
-642 -822 0
-642 -912 0
-732 -822 0
-732 -912 0
-822 -912 0
-142 -242 0
-142 -342 0
-142 -442 0
-142 -542 0
-142 -632 0
-142 -722 0
-142 -812 0
-242 -342 0
-242 -442 0
-242 -542 0
-242 -632 0
-242 -722 0
-242 -812 0
-342 -442 0
-342 -542 0
-342 -632 0
-342 -722 0
-342 -812 0
-442 -542 0
-442 -632 0
-442 -722 0
-442 -812 0
-542 -632 0
-542 -722 0
-542 -812 0
-632 -722 0
-632 -812 0
-722 -812 0
-132 -232 0
-132 -332 0
-132 -432 0
-132 -532 0
-132 -622 0
-132 -712 0
-232 -332 0
-232 -432 0
-232 -532 0
-232 -622 0
-232 -712 0
-332 -432 0
-332 -532 0
-332 -622 0
-332 -712 0
-432 -532 0
-432 -622 0
-432 -712 0
-532 -622 0
-532 -712 0
-622 -712 0
-122 -222 0
-122 -322 0
-122 -422 0
-122 -522 0
-122 -612 0
-222 -322 0
-222 -422 0
-222 -522 0
-222 -612 0
-322 -422 0
-322 -522 0
-322 -612 0
-422 -522 0
-422 -612 0
-522 -612 0
-112 -212 0
-112 -312 0
-112 -412 0
-112 -512 0
-212 -312 0
-212 -412 0
-212 -512 0
-312 -412 0
-312 -512 0
-412 -512 0
-593 -683 0
-593 -773 0
-593 -863 0
-593 -953 0
-683 -773 0
-683 -863 0
-683 -953 0
-773 -863 0
-773 -953 0
-863 -953 0
-483 -583 0
-483 -673 0
-483 -763 0
-483 -853 0
-483 -943 0
-583 -673 0
-583 -763 0
-583 -853 0
-583 -943 0
-673 -763 0
-673 -853 0
-673 -943 0
-763 -853 0
-763 -943 0
-853 -943 0
-373 -473 0
-373 -573 0
-373 -663 0
-373 -753 0
-373 -843 0
-373 -933 0
-473 -573 0
-473 -663 0
-473 -753 0
-473 -843 0
-473 -933 0
-573 -663 0
-573 -753 0
-573 -843 0
-573 -933 0
-663 -753 0
-663 -843 0
-663 -933 0
-753 -843 0
-753 -933 0
-843 -933 0
-263 -363 0
-263 -463 0
-263 -563 0
-263 -653 0
-263 -743 0
-263 -833 0
-263 -923 0
-363 -463 0
-363 -563 0
-363 -653 0
-363 -743 0
-363 -833 0
-363 -923 0
-463 -563 0
-463 -653 0
-463 -743 0
-463 -833 0
-463 -923 0
-563 -653 0
-563 -743 0
-563 -833 0
-563 -923 0
-653 -743 0
-653 -833 0
-653 -923 0
-743 -833 0
-743 -923 0
-833 -923 0
-153 -253 0
-153 -353 0
-153 -453 0
-153 -553 0
-153 -643 0
-153 -733 0
-153 -823 0
-153 -913 0
-253 -353 0
-253 -453 0
-253 -553 0
-253 -643 0
-253 -733 0
-253 -823 0
-253 -913 0
-353 -453 0
-353 -553 0
-353 -643 0
-353 -733 0
-353 -823 0
-353 -913 0
-453 -553 0
-453 -643 0
-453 -733 0
-453 -823 0
-453 -913 0
-553 -643 0
-553 -733 0
-553 -823 0
-553 -913 0
-643 -733 0
-643 -823 0
-643 -913 0
-733 -823 0
-733 -913 0
-823 -913 0
-143 -243 0
-143 -343 0
-143 -443 0
-143 -543 0
-143 -633 0
-143 -723 0
-143 -813 0
-243 -343 0
-243 -443 0
-243 -543 0
-243 -633 0
-243 -723 0
-243 -813 0
-343 -443 0
-343 -543 0
-343 -633 0
-343 -723 0
-343 -813 0
-443 -543 0
-443 -633 0
-443 -723 0
-443 -813 0
-543 -633 0
-543 -723 0
-543 -813 0
-633 -723 0
-633 -813 0
-723 -813 0
-133 -233 0
-133 -333 0
-133 -433 0
-133 -533 0
-133 -623 0
-133 -713 0
-233 -333 0
-233 -433 0
-233 -533 0
-233 -623 0
-233 -713 0
-333 -433 0
-333 -533 0
-333 -623 0
-333 -713 0
-433 -533 0
-433 -623 0
-433 -713 0
-533 -623 0
-533 -713 0
-623 -713 0
-123 -223 0
-123 -323 0
-123 -423 0
-123 -523 0
-123 -613 0
-223 -323 0
-223 -423 0
-223 -523 0
-223 -613 0
-323 -423 0
-323 -523 0
-323 -613 0
-423 -523 0
-423 -613 0
-523 -613 0
-113 -213 0
-113 -313 0
-113 -413 0
-113 -513 0
-213 -313 0
-213 -413 0
-213 -513 0
-313 -413 0
-313 -513 0
-413 -513 0
-594 -684 0
-594 -774 0
-594 -864 0
-594 -954 0
-684 -774 0
-684 -864 0
-684 -954 0
-774 -864 0
-774 -954 0
-864 -954 0
-484 -584 0
-484 -674 0
-484 -764 0
-484 -854 0
-484 -944 0
-584 -674 0
-584 -764 0
-584 -854 0
-584 -944 0
-674 -764 0
-674 -854 0
-674 -944 0
-764 -854 0
-764 -944 0
-854 -944 0
-374 -474 0
-374 -574 0
-374 -664 0
-374 -754 0
-374 -844 0
-374 -934 0
-474 -574 0
-474 -664 0
-474 -754 0
-474 -844 0
-474 -934 0
-574 -664 0
-574 -754 0
-574 -844 0
-574 -934 0
-664 -754 0
-664 -844 0
-664 -934 0
-754 -844 0
-754 -934 0
-844 -934 0
-264 -364 0
-264 -464 0
-264 -564 0
-264 -654 0
-264 -744 0
-264 -834 0
-264 -924 0
-364 -464 0
-364 -564 0
-364 -654 0
-364 -744 0
-364 -834 0
-364 -924 0
-464 -564 0
-464 -654 0
-464 -744 0
-464 -834 0
-464 -924 0
-564 -654 0
-564 -744 0
-564 -834 0
-564 -924 0
-654 -744 0
-654 -834 0
-654 -924 0
-744 -834 0
-744 -924 0
-834 -924 0
-154 -254 0
-154 -354 0
-154 -454 0
-154 -554 0
-154 -644 0
-154 -734 0
-154 -824 0
-154 -914 0
-254 -354 0
-254 -454 0
-254 -554 0
-254 -644 0
-254 -734 0
-254 -824 0
-254 -914 0
-354 -454 0
-354 -554 0
-354 -644 0
-354 -734 0
-354 -824 0
-354 -914 0
-454 -554 0
-454 -644 0
-454 -734 0
-454 -824 0
-454 -914 0
-554 -644 0
-554 -734 0
-554 -824 0
-554 -914 0
-644 -734 0
-644 -824 0
-644 -914 0
-734 -824 0
-734 -914 0
-824 -914 0
-144 -244 0
-144 -344 0
-144 -444 0
-144 -544 0
-144 -634 0
-144 -724 0
-144 -814 0
-244 -344 0
-244 -444 0
-244 -544 0
-244 -634 0
-244 -724 0
-244 -814 0
-344 -444 0
-344 -544 0
-344 -634 0
-344 -724 0
-344 -814 0
-444 -544 0
-444 -634 0
-444 -724 0
-444 -814 0
-544 -634 0
-544 -724 0
-544 -814 0
-634 -724 0
-634 -814 0
-724 -814 0
-134 -234 0
-134 -334 0
-134 -434 0
-134 -534 0
-134 -624 0
-134 -714 0
-234 -334 0
-234 -434 0
-234 -534 0
-234 -624 0
-234 -714 0
-334 -434 0
-334 -534 0
-334 -624 0
-334 -714 0
-434 -534 0
-434 -624 0
-434 -714 0
-534 -624 0
-534 -714 0
-624 -714 0
-124 -224 0
-124 -324 0
-124 -424 0
-124 -524 0
-124 -614 0
-224 -324 0
-224 -424 0
-224 -524 0
-224 -614 0
-324 -424 0
-324 -524 0
-324 -614 0
-424 -524 0
-424 -614 0
-524 -614 0
-114 -214 0
-114 -314 0
-114 -414 0
-114 -514 0
-214 -314 0
-214 -414 0
-214 -514 0
-314 -414 0
-314 -514 0
-414 -514 0
-595 -685 0
-595 -775 0
-595 -865 0
-595 -955 0
-685 -775 0
-685 -865 0
-685 -955 0
-775 -865 0
-775 -955 0
-865 -955 0
-485 -585 0
-485 -675 0
-485 -765 0
-485 -855 0
-485 -945 0
-585 -675 0
-585 -765 0
-585 -855 0
-585 -945 0
-675 -765 0
-675 -855 0
-675 -945 0
-765 -855 0
-765 -945 0
-855 -945 0
-375 -475 0
-375 -575 0
-375 -665 0
-375 -755 0
-375 -845 0
-375 -935 0
-475 -575 0
-475 -665 0
-475 -755 0
-475 -845 0
-475 -935 0
-575 -665 0
-575 -755 0
-575 -845 0
-575 -935 0
-665 -755 0
-665 -845 0
-665 -935 0
-755 -845 0
-755 -935 0
-845 -935 0
-265 -365 0
-265 -465 0
-265 -565 0
-265 -655 0
-265 -745 0
-265 -835 0
-265 -925 0
-365 -465 0
-365 -565 0
-365 -655 0
-365 -745 0
-365 -835 0
-365 -925 0
-465 -565 0
-465 -655 0
-465 -745 0
-465 -835 0
-465 -925 0
-565 -655 0
-565 -745 0
-565 -835 0
-565 -925 0
-655 -745 0
-655 -835 0
-655 -925 0
-745 -835 0
-745 -925 0
-835 -925 0
-155 -255 0
-155 -355 0
-155 -455 0
-155 -555 0
-155 -645 0
-155 -735 0
-155 -825 0
-155 -915 0
-255 -355 0
-255 -455 0
-255 -555 0
-255 -645 0
-255 -735 0
-255 -825 0
-255 -915 0
-355 -455 0
-355 -555 0
-355 -645 0
-355 -735 0
-355 -825 0
-355 -915 0
-455 -555 0
-455 -645 0
-455 -735 0
-455 -825 0
-455 -915 0
-555 -645 0
-555 -735 0
-555 -825 0
-555 -915 0
-645 -735 0
-645 -825 0
-645 -915 0
-735 -825 0
-735 -915 0
-825 -915 0
-145 -245 0
-145 -345 0
-145 -445 0
-145 -545 0
-145 -635 0
-145 -725 0
-145 -815 0
-245 -345 0
-245 -445 0
-245 -545 0
-245 -635 0
-245 -725 0
-245 -815 0
-345 -445 0
-345 -545 0
-345 -635 0
-345 -725 0
-345 -815 0
-445 -545 0
-445 -635 0
-445 -725 0
-445 -815 0
-545 -635 0
-545 -725 0
-545 -815 0
-635 -725 0
-635 -815 0
-725 -815 0
-135 -235 0
-135 -335 0
-135 -435 0
-135 -535 0
-135 -625 0
-135 -715 0
-235 -335 0
-235 -435 0
-235 -535 0
-235 -625 0
-235 -715 0
-335 -435 0
-335 -535 0
-335 -625 0
-335 -715 0
-435 -535 0
-435 -625 0
-435 -715 0
-535 -625 0
-535 -715 0
-625 -715 0
-125 -225 0
-125 -325 0
-125 -425 0
-125 -525 0
-125 -615 0
-225 -325 0
-225 -425 0
-225 -525 0
-225 -615 0
-325 -425 0
-325 -525 0
-325 -615 0
-425 -525 0
-425 -615 0
-525 -615 0
-115 -215 0
-115 -315 0
-115 -415 0
-115 -515 0
-215 -315 0
-215 -415 0
-215 -515 0
-315 -415 0
-315 -515 0
-415 -515 0
-596 -686 0
-596 -776 0
-596 -866 0
-596 -956 0
-686 -776 0
-686 -866 0
-686 -956 0
-776 -866 0
-776 -956 0
-866 -956 0
-486 -586 0
-486 -676 0
-486 -766 0
-486 -856 0
-486 -946 0
-586 -676 0
-586 -766 0
-586 -856 0
-586 -946 0
-676 -766 0
-676 -856 0
-676 -946 0
-766 -856 0
-766 -946 0
-856 -946 0
-376 -476 0
-376 -576 0
-376 -666 0
-376 -756 0
-376 -846 0
-376 -936 0
-476 -576 0
-476 -666 0
-476 -756 0
-476 -846 0
-476 -936 0
-576 -666 0
-576 -756 0
-576 -846 0
-576 -936 0
-666 -756 0
-666 -846 0
-666 -936 0
-756 -846 0
-756 -936 0
-846 -936 0
-266 -366 0
-266 -466 0
-266 -566 0
-266 -656 0
-266 -746 0
-266 -836 0
-266 -926 0
-366 -466 0
-366 -566 0
-366 -656 0
-366 -746 0
-366 -836 0
-366 -926 0
-466 -566 0
-466 -656 0
-466 -746 0
-466 -836 0
-466 -926 0
-566 -656 0
-566 -746 0
-566 -836 0
-566 -926 0
-656 -746 0
-656 -836 0
-656 -926 0
-746 -836 0
-746 -926 0
-836 -926 0
-156 -256 0
-156 -356 0
-156 -456 0
-156 -556 0
-156 -646 0
-156 -736 0
-156 -826 0
-156 -916 0
-256 -356 0
-256 -456 0
-256 -556 0
-256 -646 0
-256 -736 0
-256 -826 0
-256 -916 0
-356 -456 0
-356 -556 0
-356 -646 0
-356 -736 0
-356 -826 0
-356 -916 0
-456 -556 0
-456 -646 0
-456 -736 0
-456 -826 0
-456 -916 0
-556 -646 0
-556 -736 0
-556 -826 0
-556 -916 0
-646 -736 0
-646 -826 0
-646 -916 0
-736 -826 0
-736 -916 0
-826 -916 0
-146 -246 0
-146 -346 0
-146 -446 0
-146 -546 0
-146 -636 0
-146 -726 0
-146 -816 0
-246 -346 0
-246 -446 0
-246 -546 0
-246 -636 0
-246 -726 0
-246 -816 0
-346 -446 0
-346 -546 0
-346 -636 0
-346 -726 0
-346 -816 0
-446 -546 0
-446 -636 0
-446 -726 0
-446 -816 0
-546 -636 0
-546 -726 0
-546 -816 0
-636 -726 0
-636 -816 0
-726 -816 0
-136 -236 0
-136 -336 0
-136 -436 0
-136 -536 0
-136 -626 0
-136 -716 0
-236 -336 0
-236 -436 0
-236 -536 0
-236 -626 0
-236 -716 0
-336 -436 0
-336 -536 0
-336 -626 0
-336 -716 0
-436 -536 0
-436 -626 0
-436 -716 0
-536 -626 0
-536 -716 0
-626 -716 0
-126 -226 0
-126 -326 0
-126 -426 0
-126 -526 0
-126 -616 0
-226 -326 0
-226 -426 0
-226 -526 0
-226 -616 0
-326 -426 0
-326 -526 0
-326 -616 0
-426 -526 0
-426 -616 0
-526 -616 0
-116 -216 0
-116 -316 0
-116 -416 0
-116 -516 0
-216 -316 0
-216 -416 0
-216 -516 0
-316 -416 0
-316 -516 0
-416 -516 0
-597 -687 0
-597 -777 0
-597 -867 0
-597 -957 0
-687 -777 0
-687 -867 0
-687 -957 0
-777 -867 0
-777 -957 0
-867 -957 0
-487 -587 0
-487 -677 0
-487 -767 0
-487 -857 0
-487 -947 0
-587 -677 0
-587 -767 0
-587 -857 0
-587 -947 0
-677 -767 0
-677 -857 0
-677 -947 0
-767 -857 0
-767 -947 0
-857 -947 0
-377 -477 0
-377 -577 0
-377 -667 0
-377 -757 0
-377 -847 0
-377 -937 0
-477 -577 0
-477 -667 0
-477 -757 0
-477 -847 0
-477 -937 0
-577 -667 0
-577 -757 0
-577 -847 0
-577 -937 0
-667 -757 0
-667 -847 0
-667 -937 0
-757 -847 0
-757 -937 0
-847 -937 0
-267 -367 0
-267 -467 0
-267 -567 0
-267 -657 0
-267 -747 0
-267 -837 0
-267 -927 0
-367 -467 0
-367 -567 0
-367 -657 0
-367 -747 0
-367 -837 0
-367 -927 0
-467 -567 0
-467 -657 0
-467 -747 0
-467 -837 0
-467 -927 0
-567 -657 0
-567 -747 0
-567 -837 0
-567 -927 0
-657 -747 0
-657 -837 0
-657 -927 0
-747 -837 0
-747 -927 0
-837 -927 0
-157 -257 0
-157 -357 0
-157 -457 0
-157 -557 0
-157 -647 0
-157 -737 0
-157 -827 0
-157 -917 0
-257 -357 0
-257 -457 0
-257 -557 0
-257 -647 0
-257 -737 0
-257 -827 0
-257 -917 0
-357 -457 0
-357 -557 0
-357 -647 0
-357 -737 0
-357 -827 0
-357 -917 0
-457 -557 0
-457 -647 0
-457 -737 0
-457 -827 0
-457 -917 0
-557 -647 0
-557 -737 0
-557 -827 0
-557 -917 0
-647 -737 0
-647 -827 0
-647 -917 0
-737 -827 0
-737 -917 0
-827 -917 0
-147 -247 0
-147 -347 0
-147 -447 0
-147 -547 0
-147 -637 0
-147 -727 0
-147 -817 0
-247 -347 0
-247 -447 0
-247 -547 0
-247 -637 0
-247 -727 0
-247 -817 0
-347 -447 0
-347 -547 0
-347 -637 0
-347 -727 0
-347 -817 0
-447 -547 0
-447 -637 0
-447 -727 0
-447 -817 0
-547 -637 0
-547 -727 0
-547 -817 0
-637 -727 0
-637 -817 0
-727 -817 0
-137 -237 0
-137 -337 0
-137 -437 0
-137 -537 0
-137 -627 0
-137 -717 0
-237 -337 0
-237 -437 0
-237 -537 0
-237 -627 0
-237 -717 0
-337 -437 0
-337 -537 0
-337 -627 0
-337 -717 0
-437 -537 0
-437 -627 0
-437 -717 0
-537 -627 0
-537 -717 0
-627 -717 0
-127 -227 0
-127 -327 0
-127 -427 0
-127 -527 0
-127 -617 0
-227 -327 0
-227 -427 0
-227 -527 0
-227 -617 0
-327 -427 0
-327 -527 0
-327 -617 0
-427 -527 0
-427 -617 0
-527 -617 0
-117 -217 0
-117 -317 0
-117 -417 0
-117 -517 0
-217 -317 0
-217 -417 0
-217 -517 0
-317 -417 0
-317 -517 0
-417 -517 0
-598 -688 0
-598 -778 0
-598 -868 0
-598 -958 0
-688 -778 0
-688 -868 0
-688 -958 0
-778 -868 0
-778 -958 0
-868 -958 0
-488 -588 0
-488 -678 0
-488 -768 0
-488 -858 0
-488 -948 0
-588 -678 0
-588 -768 0
-588 -858 0
-588 -948 0
-678 -768 0
-678 -858 0
-678 -948 0
-768 -858 0
-768 -948 0
-858 -948 0
-378 -478 0
-378 -578 0
-378 -668 0
-378 -758 0
-378 -848 0
-378 -938 0
-478 -578 0
-478 -668 0
-478 -758 0
-478 -848 0
-478 -938 0
-578 -668 0
-578 -758 0
-578 -848 0
-578 -938 0
-668 -758 0
-668 -848 0
-668 -938 0
-758 -848 0
-758 -938 0
-848 -938 0
-268 -368 0
-268 -468 0
-268 -568 0
-268 -658 0
-268 -748 0
-268 -838 0
-268 -928 0
-368 -468 0
-368 -568 0
-368 -658 0
-368 -748 0
-368 -838 0
-368 -928 0
-468 -568 0
-468 -658 0
-468 -748 0
-468 -838 0
-468 -928 0
-568 -658 0
-568 -748 0
-568 -838 0
-568 -928 0
-658 -748 0
-658 -838 0
-658 -928 0
-748 -838 0
-748 -928 0
-838 -928 0
-158 -258 0
-158 -358 0
-158 -458 0
-158 -558 0
-158 -648 0
-158 -738 0
-158 -828 0
-158 -918 0
-258 -358 0
-258 -458 0
-258 -558 0
-258 -648 0
-258 -738 0
-258 -828 0
-258 -918 0
-358 -458 0
-358 -558 0
-358 -648 0
-358 -738 0
-358 -828 0
-358 -918 0
-458 -558 0
-458 -648 0
-458 -738 0
-458 -828 0
-458 -918 0
-558 -648 0
-558 -738 0
-558 -828 0
-558 -918 0
-648 -738 0
-648 -828 0
-648 -918 0
-738 -828 0
-738 -918 0
-828 -918 0
-148 -248 0
-148 -348 0
-148 -448 0
-148 -548 0
-148 -638 0
-148 -728 0
-148 -818 0
-248 -348 0
-248 -448 0
-248 -548 0
-248 -638 0
-248 -728 0
-248 -818 0
-348 -448 0
-348 -548 0
-348 -638 0
-348 -728 0
-348 -818 0
-448 -548 0
-448 -638 0
-448 -728 0
-448 -818 0
-548 -638 0
-548 -728 0
-548 -818 0
-638 -728 0
-638 -818 0
-728 -818 0
-138 -238 0
-138 -338 0
-138 -438 0
-138 -538 0
-138 -628 0
-138 -718 0
-238 -338 0
-238 -438 0
-238 -538 0
-238 -628 0
-238 -718 0
-338 -438 0
-338 -538 0
-338 -628 0
-338 -718 0
-438 -538 0
-438 -628 0
-438 -718 0
-538 -628 0
-538 -718 0
-628 -718 0
-128 -228 0
-128 -328 0
-128 -428 0
-128 -528 0
-128 -618 0
-228 -328 0
-228 -428 0
-228 -528 0
-228 -618 0
-328 -428 0
-328 -528 0
-328 -618 0
-428 -528 0
-428 -618 0
-528 -618 0
-118 -218 0
-118 -318 0
-118 -418 0
-118 -518 0
-218 -318 0
-218 -418 0
-218 -518 0
-318 -418 0
-318 -518 0
-418 -518 0
-599 -689 0
-599 -779 0
-599 -869 0
-599 -959 0
-689 -779 0
-689 -869 0
-689 -959 0
-779 -869 0
-779 -959 0
-869 -959 0
-489 -589 0
-489 -679 0
-489 -769 0
-489 -859 0
-489 -949 0
-589 -679 0
-589 -769 0
-589 -859 0
-589 -949 0
-679 -769 0
-679 -859 0
-679 -949 0
-769 -859 0
-769 -949 0
-859 -949 0
-379 -479 0
-379 -579 0
-379 -669 0
-379 -759 0
-379 -849 0
-379 -939 0
-479 -579 0
-479 -669 0
-479 -759 0
-479 -849 0
-479 -939 0
-579 -669 0
-579 -759 0
-579 -849 0
-579 -939 0
-669 -759 0
-669 -849 0
-669 -939 0
-759 -849 0
-759 -939 0
-849 -939 0
-269 -369 0
-269 -469 0
-269 -569 0
-269 -659 0
-269 -749 0
-269 -839 0
-269 -929 0
-369 -469 0
-369 -569 0
-369 -659 0
-369 -749 0
-369 -839 0
-369 -929 0
-469 -569 0
-469 -659 0
-469 -749 0
-469 -839 0
-469 -929 0
-569 -659 0
-569 -749 0
-569 -839 0
-569 -929 0
-659 -749 0
-659 -839 0
-659 -929 0
-749 -839 0
-749 -929 0
-839 -929 0
-159 -259 0
-159 -359 0
-159 -459 0
-159 -559 0
-159 -649 0
-159 -739 0
-159 -829 0
-159 -919 0
-259 -359 0
-259 -459 0
-259 -559 0
-259 -649 0
-259 -739 0
-259 -829 0
-259 -919 0
-359 -459 0
-359 -559 0
-359 -649 0
-359 -739 0
-359 -829 0
-359 -919 0
-459 -559 0
-459 -649 0
-459 -739 0
-459 -829 0
-459 -919 0
-559 -649 0
-559 -739 0
-559 -829 0
-559 -919 0
-649 -739 0
-649 -829 0
-649 -919 0
-739 -829 0
-739 -919 0
-829 -919 0
-149 -249 0
-149 -349 0
-149 -449 0
-149 -549 0
-149 -639 0
-149 -729 0
-149 -819 0
-249 -349 0
-249 -449 0
-249 -549 0
-249 -639 0
-249 -729 0
-249 -819 0
-349 -449 0
-349 -549 0
-349 -639 0
-349 -729 0
-349 -819 0
-449 -549 0
-449 -639 0
-449 -729 0
-449 -819 0
-549 -639 0
-549 -729 0
-549 -819 0
-639 -729 0
-639 -819 0
-729 -819 0
-139 -239 0
-139 -339 0
-139 -439 0
-139 -539 0
-139 -629 0
-139 -719 0
-239 -339 0
-239 -439 0
-239 -539 0
-239 -629 0
-239 -719 0
-339 -439 0
-339 -539 0
-339 -629 0
-339 -719 0
-439 -539 0
-439 -629 0
-439 -719 0
-539 -629 0
-539 -719 0
-629 -719 0
-129 -229 0
-129 -329 0
-129 -429 0
-129 -529 0
-129 -619 0
-229 -329 0
-229 -429 0
-229 -529 0
-229 -619 0
-329 -429 0
-329 -529 0
-329 -619 0
-429 -529 0
-429 -619 0
-529 -619 0
-119 -219 0
-119 -319 0
-119 -419 0
-119 -519 0
-219 -319 0
-219 -419 0
-219 -519 0
-319 -419 0
-319 -519 0
-419 -519 0
